1.668284499999999948e+00
1.668284700000000065e+00
1.668284499999999948e+00
1.668284700000000065e+00
1.668284700000000065e+00
1.668284300000000053e+00
1.668284399999999890e+00
1.668284700000000065e+00
1.668284700000000065e+00
1.668284700000000065e+00
1.668284300000000053e+00
1.668284399999999890e+00
1.668284399999999890e+00
1.668284700000000065e+00
1.668284099999999937e+00
1.668284700000000065e+00
1.668284499999999948e+00
1.668284399999999890e+00
1.668284499999999948e+00
1.668284499999999948e+00
1.668284700000000065e+00
1.668284700000000065e+00
1.668284700000000065e+00
1.668284700000000065e+00
1.668284199999999995e+00
1.668284399999999890e+00
1.668284399999999890e+00
1.668284399999999890e+00
1.668284199999999995e+00
1.668284700000000065e+00
1.668284700000000065e+00
1.668284899999999960e+00
1.668284799999999901e+00
1.668284399999999890e+00
1.668284700000000065e+00
1.668284799999999901e+00
1.668284700000000065e+00
1.668284700000000065e+00
1.668284399999999890e+00
1.668284199999999995e+00
1.668284700000000065e+00
1.668284499999999948e+00
1.668284700000000065e+00
1.668284399999999890e+00
1.668284499999999948e+00
1.668284399999999890e+00
1.668284199999999995e+00
1.668284399999999890e+00
1.668284199999999995e+00
1.668284399999999890e+00
1.668284300000000053e+00
1.668284399999999890e+00
1.668284300000000053e+00
1.668284399999999890e+00
1.668284199999999995e+00
1.668284199999999995e+00
1.668284399999999890e+00
1.668284199999999995e+00
1.668284399999999890e+00
1.668284199999999995e+00
1.668284199999999995e+00
1.668284399999999890e+00
1.668284300000000053e+00
1.668284399999999890e+00
1.668283900000000042e+00
1.668284099999999937e+00
1.668284399999999890e+00
1.668283900000000042e+00
1.668284199999999995e+00
1.668284399999999890e+00
1.668284399999999890e+00
1.668284199999999995e+00
1.668283900000000042e+00
1.668284099999999937e+00
1.668284399999999890e+00
1.668284399999999890e+00
1.668283900000000042e+00
1.668284199999999995e+00
1.668284300000000053e+00
1.668284199999999995e+00
1.668283900000000042e+00
1.668284099999999937e+00
1.668284099999999937e+00
1.668283799999999983e+00
1.668284199999999995e+00
1.668284099999999937e+00
1.668283699999999925e+00
1.668283900000000042e+00
1.668283900000000042e+00
1.668283900000000042e+00
1.668284199999999995e+00
1.668283900000000042e+00
1.668283900000000042e+00
1.668283900000000042e+00
1.668283699999999925e+00
1.668283699999999925e+00
1.668284099999999937e+00
1.668283200000000077e+00
1.668283600000000089e+00
1.668283699999999925e+00
1.668283600000000089e+00
1.668283699999999925e+00
1.668283799999999983e+00
1.668283699999999925e+00
1.668283600000000089e+00
1.668283600000000089e+00
1.668283500000000030e+00
1.668282899999999902e+00
1.668283500000000030e+00
1.668283299999999914e+00
1.668283299999999914e+00
1.668283600000000089e+00
1.668283500000000030e+00
1.668282999999999960e+00
1.668282899999999902e+00
1.668283200000000077e+00
1.668283500000000030e+00
1.668282999999999960e+00
1.668283200000000077e+00
1.668282999999999960e+00
1.668282700000000007e+00
1.668283100000000019e+00
1.668283200000000077e+00
1.668282499999999891e+00
1.668282700000000007e+00
1.668283200000000077e+00
1.668282700000000007e+00
1.668282499999999891e+00
1.668282700000000007e+00
1.668282400000000054e+00
1.668282599999999949e+00
1.668282400000000054e+00
1.668282499999999891e+00
1.668282299999999996e+00
1.668282299999999996e+00
1.668282299999999996e+00
1.668282000000000043e+00
1.668281799999999926e+00
1.668282000000000043e+00
1.668281700000000090e+00
1.668282299999999996e+00
1.668281300000000078e+00
1.668281600000000031e+00
1.668281799999999926e+00
1.668281600000000031e+00
1.668281600000000031e+00
1.668281300000000078e+00
1.668281300000000078e+00
1.668281099999999961e+00
1.668281099999999961e+00
1.668281300000000078e+00
1.668280999999999903e+00
1.668281099999999961e+00
1.668280999999999903e+00
1.668280999999999903e+00
1.668280699999999950e+00
1.668280399999999997e+00
1.668280100000000044e+00
1.668280399999999997e+00
1.668279999999999985e+00
1.668280100000000044e+00
1.668280100000000044e+00
1.668279899999999927e+00
1.668279499999999915e+00
1.668279300000000021e+00
1.668279199999999962e+00
1.668279400000000079e+00
1.668279400000000079e+00
1.668278900000000009e+00
1.668278499999999998e+00
1.668278699999999892e+00
1.668278499999999998e+00
1.668278600000000056e+00
1.668277999999999928e+00
1.668277699999999975e+00
1.668277999999999928e+00
1.668277699999999975e+00
1.668277500000000080e+00
1.668277400000000021e+00
1.668277000000000010e+00
1.668276899999999952e+00
1.668277000000000010e+00
1.668276799999999893e+00
1.668276499999999940e+00
1.668276400000000104e+00
1.668276099999999929e+00
1.668275799999999975e+00
1.668275500000000022e+00
1.668275100000000011e+00
1.668274999999999952e+00
1.668275200000000069e+00
1.668274599999999941e+00
1.668274500000000105e+00
1.668274299999999988e+00
1.668274199999999929e+00
1.668273700000000082e+00
1.668273399999999906e+00
1.668273300000000070e+00
1.668272999999999895e+00
1.668272699999999942e+00
1.668272500000000047e+00
1.668271700000000024e+00
1.668271800000000082e+00
1.668271499999999907e+00
1.668271099999999896e+00
1.668271099999999896e+00
1.668270499999999990e+00
1.668270099999999978e+00
1.668270099999999978e+00
1.668269400000000013e+00
1.668268899999999944e+00
1.668269000000000002e+00
1.668268400000000096e+00
1.668268199999999979e+00
1.668267600000000073e+00
1.668267299999999898e+00
1.668266999999999944e+00
1.668267100000000003e+00
1.668266299999999980e+00
1.668265799999999910e+00
1.668265300000000062e+00
1.668265200000000004e+00
1.668264900000000051e+00
1.668263899999999911e+00
1.668263899999999911e+00
1.668263599999999958e+00
1.668262799999999935e+00
1.668262700000000098e+00
1.668261999999999912e+00
1.668261999999999912e+00
1.668261200000000111e+00
1.668260800000000099e+00
1.668260599999999982e+00
1.668260099999999913e+00
1.668259399999999948e+00
1.668258900000000100e+00
1.668258900000000100e+00
1.668258199999999913e+00
1.668257700000000066e+00
1.668257000000000101e+00
1.668256799999999984e+00
1.668255999999999961e+00
1.668255599999999950e+00
1.668255100000000102e+00
1.668254899999999985e+00
1.668254899999999985e+00
1.668253500000000056e+00
1.668253500000000056e+00
1.668252700000000033e+00
1.668252700000000033e+00
1.668252199999999963e+00
1.668251600000000057e+00
1.668251300000000104e+00
1.668250800000000034e+00
1.668250299999999964e+00
1.668249799999999894e+00
1.668249400000000104e+00
1.668248900000000035e+00
1.668248699999999918e+00
1.668248200000000070e+00
1.668247899999999895e+00
1.668247199999999930e+00
1.668246899999999977e+00
1.668246300000000071e+00
1.668246300000000071e+00
1.668245800000000001e+00
1.668245100000000036e+00
1.668245100000000036e+00
1.668244400000000072e+00
1.668244199999999955e+00
1.668243900000000002e+00
1.668243200000000037e+00
1.668242900000000084e+00
1.668243200000000037e+00
1.668242699999999967e+00
1.668242199999999897e+00
1.668242500000000073e+00
1.668242000000000003e+00
1.668242000000000003e+00
1.668242199999999897e+00
1.668242000000000003e+00
1.668242000000000003e+00
1.668242199999999897e+00
1.668242299999999956e+00
1.668242199999999897e+00
1.668242500000000073e+00
1.668242199999999897e+00
1.668243099999999979e+00
1.668243099999999979e+00
1.668243399999999932e+00
1.668243399999999932e+00
1.668244000000000060e+00
1.668244599999999966e+00
1.668244800000000083e+00
1.668245200000000095e+00
1.668245699999999943e+00
1.668246300000000071e+00
1.668246899999999977e+00
1.668247299999999989e+00
1.668247700000000000e+00
1.668248699999999918e+00
1.668249400000000104e+00
1.668249799999999894e+00
1.668250299999999964e+00
1.668251300000000104e+00
1.668251799999999951e+00
1.668252199999999963e+00
1.668253100000000044e+00
1.668253699999999951e+00
1.668254399999999915e+00
1.668255400000000055e+00
1.668255599999999950e+00
1.668256799999999984e+00
1.668257199999999996e+00
1.668258000000000019e+00
1.668258800000000042e+00
1.668259099999999995e+00
1.668259600000000065e+00
1.668260300000000029e+00
1.668260800000000099e+00
1.668261500000000064e+00
1.668261500000000064e+00
1.668262200000000028e+00
1.668262499999999982e+00
1.668263100000000110e+00
1.668263300000000005e+00
1.668263599999999958e+00
1.668263400000000063e+00
1.668263800000000074e+00
1.668263899999999911e+00
1.668263800000000074e+00
1.668263899999999911e+00
1.668263599999999958e+00
1.668263199999999946e+00
1.668263000000000051e+00
1.668262200000000028e+00
1.668261999999999912e+00
1.668261900000000075e+00
1.668260700000000041e+00
1.668260099999999913e+00
1.668259099999999995e+00
1.668258400000000030e+00
1.668257199999999996e+00
1.668256500000000031e+00
1.668255100000000102e+00
1.668253699999999951e+00
1.668252199999999963e+00
1.668250900000000092e+00
1.668249099999999929e+00
1.668247199999999930e+00
1.668245800000000001e+00
1.668243600000000049e+00
1.668241499999999933e+00
1.668239699999999992e+00
1.668237399999999981e+00
1.668235499999999982e+00
1.668232900000000019e+00
1.668230799999999903e+00
1.668228100000000103e+00
1.668225499999999917e+00
1.668223000000000011e+00
1.668220299999999989e+00
1.668217899999999920e+00
1.668214800000000109e+00
1.668212400000000040e+00
1.668209599999999959e+00
1.668206899999999937e+00
1.668204299999999973e+00
1.668201800000000068e+00
1.668198599999999976e+00
1.668196400000000024e+00
1.668193599999999943e+00
1.668190999999999979e+00
1.668188599999999910e+00
1.668185900000000110e+00
1.668183999999999889e+00
1.668181200000000031e+00
1.668179000000000078e+00
1.668176700000000068e+00
1.668174499999999894e+00
1.668172500000000058e+00
1.668170600000000059e+00
1.668168300000000048e+00
1.668166199999999932e+00
1.668164100000000039e+00
1.668162499999999993e+00
1.668160400000000099e+00
1.668158999999999947e+00
1.668157600000000018e+00
1.668155400000000066e+00
1.668153999999999915e+00
1.668152599999999985e+00
1.668151099999999998e+00
1.668149399999999893e+00
1.668148299999999917e+00
1.668147000000000046e+00
1.668145900000000070e+00
1.668144599999999977e+00
1.668143300000000107e+00
1.668142100000000072e+00
1.668140900000000038e+00
1.668139700000000003e+00
1.668138700000000085e+00
1.668137800000000004e+00
1.668136800000000086e+00
1.668136099999999900e+00
1.668135200000000040e+00
1.668134500000000076e+00
1.668133499999999936e+00
1.668132500000000018e+00
1.668131599999999937e+00
1.668130799999999914e+00
1.668129900000000054e+00
1.668129200000000090e+00
1.668128700000000020e+00
1.668127499999999985e+00
1.668127099999999974e+00
1.668126199999999892e+00
1.668125599999999986e+00
1.668124900000000022e+00
1.668124299999999893e+00
1.668123500000000092e+00
1.668122899999999964e+00
1.668122199999999999e+00
1.668121299999999918e+00
1.668120700000000012e+00
1.668120100000000106e+00
1.668119700000000094e+00
1.668119899999999989e+00
1.668119899999999989e+00
1.668120100000000106e+00
1.668120300000000000e+00
1.668120899999999907e+00
1.668120999999999965e+00
1.668121600000000093e+00
1.668122099999999941e+00
1.668123000000000022e+00
1.668123699999999987e+00
1.668124399999999952e+00
1.668125400000000091e+00
1.668126299999999951e+00
1.668127499999999985e+00
1.668128700000000020e+00
1.668129900000000054e+00
1.668131400000000042e+00
1.668132500000000018e+00
1.668133700000000053e+00
1.668134900000000087e+00
1.668136400000000075e+00
1.668137399999999992e+00
1.668139000000000038e+00
1.668140500000000026e+00
1.668141600000000002e+00
1.668142999999999931e+00
1.668143699999999896e+00
1.668145400000000000e+00
1.668146799999999930e+00
1.668147599999999953e+00
1.668148799999999987e+00
1.668149700000000069e+00
1.668149899999999963e+00
1.668150900000000103e+00
1.668151399999999951e+00
1.668152099999999916e+00
1.668152099999999916e+00
1.668152800000000102e+00
1.668152999999999997e+00
1.668153299999999950e+00
1.668152999999999997e+00
1.668152999999999997e+00
1.668152899999999939e+00
1.668153199999999892e+00
1.668152800000000102e+00
1.668152499999999927e+00
1.668152499999999927e+00
1.668152199999999974e+00
1.668151900000000021e+00
1.668151900000000021e+00
1.668151399999999951e+00
1.668151399999999951e+00
1.668151500000000009e+00
1.668151299999999893e+00
1.668150800000000045e+00
1.668150900000000103e+00
1.668151099999999998e+00
1.668150999999999939e+00
1.668151099999999998e+00
1.668151600000000068e+00
1.668151699999999904e+00
1.668152099999999916e+00
1.668152599999999985e+00
1.668152800000000102e+00
1.668153800000000020e+00
1.668154399999999926e+00
1.668154700000000101e+00
1.668155700000000019e+00
1.668156299999999925e+00
1.668157099999999948e+00
1.668157799999999913e+00
1.668158299999999983e+00
1.668158999999999947e+00
1.668159699999999912e+00
1.668160400000000099e+00
1.668161199999999900e+00
1.668161500000000075e+00
1.668161599999999911e+00
1.668161900000000086e+00
1.668161999999999923e+00
1.668161500000000075e+00
1.668161900000000086e+00
1.668161199999999900e+00
1.668161199999999900e+00
1.668160300000000040e+00
1.668160199999999982e+00
1.668158999999999947e+00
1.668158400000000041e+00
1.668157300000000065e+00
1.668156100000000031e+00
1.668155199999999949e+00
1.668153999999999915e+00
1.668152499999999927e+00
1.668151099999999998e+00
1.668149899999999963e+00
1.668148399999999976e+00
1.668146799999999930e+00
1.668144899999999931e+00
1.668143500000000001e+00
1.668141799999999897e+00
1.668139700000000003e+00
1.668137800000000004e+00
1.668136599999999969e+00
1.668134500000000076e+00
1.668133099999999924e+00
1.668131500000000100e+00
1.668129600000000101e+00
1.668128000000000055e+00
1.668126299999999951e+00
1.668125199999999975e+00
1.668123999999999940e+00
1.668122799999999906e+00
1.668121799999999988e+00
1.668121799999999988e+00
1.668121100000000023e+00
1.668121200000000082e+00
1.668120999999999965e+00
1.668120899999999907e+00
1.668121100000000023e+00
1.668121600000000093e+00
1.668121799999999988e+00
1.668122799999999906e+00
1.668123500000000092e+00
1.668124399999999952e+00
1.668125599999999986e+00
1.668126599999999904e+00
1.668127499999999985e+00
1.668128700000000020e+00
1.668130399999999902e+00
1.668131599999999937e+00
1.668133000000000088e+00
1.668134599999999912e+00
1.668135600000000052e+00
1.668137399999999992e+00
1.668138499999999969e+00
1.668139700000000003e+00
1.668141099999999932e+00
1.668142100000000072e+00
1.668143200000000048e+00
1.668144300000000024e+00
1.668144899999999931e+00
1.668145699999999954e+00
1.668146099999999965e+00
1.668146399999999918e+00
1.668146600000000035e+00
1.668146099999999965e+00
1.668146300000000082e+00
1.668145900000000070e+00
1.668145400000000000e+00
1.668144099999999908e+00
1.668143500000000001e+00
1.668142400000000025e+00
1.668140200000000073e+00
1.668138099999999957e+00
1.668135799999999946e+00
1.668133499999999936e+00
1.668130300000000066e+00
1.668126900000000079e+00
1.668123699999999987e+00
1.668120100000000106e+00
1.668116600000000060e+00
1.668112999999999957e+00
1.668108700000000111e+00
1.668104400000000043e+00
1.668099599999999905e+00
1.668095200000000000e+00
1.668090599999999979e+00
1.668085899999999899e+00
1.668080599999999913e+00
1.668075699999999939e+00
1.668070100000000000e+00
1.668065300000000084e+00
1.668059900000000040e+00
1.668055099999999902e+00
1.668049600000000021e+00
1.668044099999999919e+00
1.668038799999999933e+00
1.668033799999999900e+00
1.668028400000000078e+00
1.668023000000000033e+00
1.668017599999999989e+00
1.668012599999999956e+00
1.668007599999999924e+00
1.668002699999999949e+00
1.667997799999999975e+00
1.667992399999999931e+00
1.667987600000000015e+00
1.667983200000000110e+00
1.667978500000000031e+00
1.667973300000000103e+00
1.667969100000000093e+00
1.667964199999999897e+00
1.667959699999999934e+00
1.667955199999999971e+00
1.667950599999999950e+00
1.667946300000000104e+00
1.667941799999999919e+00
1.667937500000000073e+00
1.667932900000000052e+00
1.667928499999999925e+00
1.667924299999999915e+00
1.667919900000000011e+00
1.667915199999999931e+00
1.667910599999999910e+00
1.667905600000000099e+00
1.667901300000000031e+00
1.667896400000000057e+00
1.667891299999999966e+00
1.667886399999999991e+00
1.667880800000000052e+00
1.667875800000000019e+00
1.667870500000000034e+00
1.667864800000000036e+00
1.667859100000000039e+00
1.667853599999999936e+00
1.667847899999999939e+00
1.667842100000000105e+00
1.667836000000000096e+00
1.667829900000000087e+00
1.667823800000000078e+00
1.667817600000000011e+00
1.667811500000000002e+00
1.667805399999999993e+00
1.667798499999999962e+00
1.667792299999999894e+00
1.667785899999999932e+00
1.667779899999999982e+00
1.667774000000000090e+00
1.667767800000000022e+00
1.667761800000000072e+00
1.667756100000000075e+00
1.667750099999999902e+00
1.667744600000000021e+00
1.667739400000000094e+00
1.667733899999999991e+00
1.667728400000000111e+00
1.667723499999999914e+00
1.667718199999999928e+00
1.667712700000000048e+00
1.667707199999999945e+00
1.667702299999999971e+00
1.667696999999999985e+00
1.667691699999999999e+00
1.667686699999999966e+00
1.667681200000000086e+00
1.667675699999999983e+00
1.667670200000000102e+00
1.667664999999999953e+00
1.667659900000000084e+00
1.667653999999999970e+00
1.667648599999999925e+00
1.667642499999999917e+00
1.667636899999999978e+00
1.667631099999999922e+00
1.667625200000000030e+00
1.667619699999999927e+00
1.667612799999999895e+00
1.667606399999999933e+00
1.667599999999999971e+00
1.667593199999999998e+00
1.667586199999999907e+00
1.667579099999999981e+00
1.667571899999999996e+00
1.667564400000000058e+00
1.667557200000000073e+00
1.667549600000000076e+00
1.667542199999999974e+00
1.667534599999999978e+00
1.667527399999999993e+00
1.667519600000000102e+00
1.667512200000000000e+00
1.667504799999999898e+00
1.667497299999999960e+00
1.667489900000000080e+00
1.667482099999999967e+00
1.667475100000000099e+00
1.667468100000000009e+00
1.667460699999999907e+00
1.667454200000000109e+00
1.667447300000000077e+00
1.667440100000000092e+00
1.667433600000000071e+00
1.667426899999999934e+00
1.667420099999999961e+00
1.667415000000000092e+00
1.667409099999999977e+00
1.667403600000000097e+00
1.667398300000000111e+00
1.667392599999999891e+00
1.667388000000000092e+00
1.667383099999999896e+00
1.667377899999999968e+00
1.667372899999999936e+00
1.667367899999999903e+00
1.667362500000000081e+00
1.667357699999999943e+00
1.667352299999999898e+00
1.667346199999999889e+00
1.667340800000000067e+00
1.667334600000000000e+00
1.667327999999999921e+00
1.667321199999999948e+00
1.667313899999999904e+00
1.667306799999999978e+00
1.667299199999999981e+00
1.667290900000000020e+00
1.667282600000000059e+00
1.667273800000000028e+00
1.667264700000000044e+00
1.667256400000000083e+00
1.667246599999999912e+00
1.667237499999999928e+00
1.667227500000000084e+00
1.667217600000000077e+00
1.667207399999999895e+00
1.667197899999999899e+00
1.667187200000000091e+00
1.667177300000000084e+00
1.667167400000000077e+00
1.667156899999999942e+00
1.667147399999999946e+00
1.667137599999999997e+00
1.667127800000000049e+00
1.667118000000000100e+00
1.667108699999999999e+00
1.667098799999999992e+00
1.667090200000000078e+00
1.667081100000000093e+00
1.667072499999999957e+00
1.667063799999999985e+00
1.667055399999999965e+00
1.667046800000000051e+00
1.667038000000000020e+00
1.667029600000000000e+00
1.667021499999999934e+00
1.667013400000000090e+00
1.667005400000000082e+00
1.666997899999999921e+00
1.666989999999999972e+00
1.666982399999999975e+00
1.666974900000000037e+00
1.666967899999999947e+00
1.666960999999999915e+00
1.666954000000000047e+00
1.666947100000000015e+00
1.666940599999999995e+00
1.666934099999999974e+00
1.666927599999999954e+00
1.666921400000000109e+00
1.666914900000000088e+00
1.666908700000000021e+00
1.666902799999999907e+00
1.666896099999999992e+00
1.666890100000000041e+00
1.666883899999999974e+00
1.666878000000000082e+00
1.666871500000000061e+00
1.666865299999999994e+00
1.666859400000000102e+00
1.666852999999999918e+00
1.666846800000000073e+00
1.666840400000000111e+00
1.666834099999999985e+00
1.666827400000000070e+00
1.666820900000000050e+00
1.666814100000000076e+00
1.666807699999999892e+00
1.666800999999999977e+00
1.666794099999999945e+00
1.666787500000000088e+00
1.666779999999999928e+00
1.666772799999999943e+00
1.666765800000000075e+00
1.666758299999999915e+00
1.666751099999999930e+00
1.666743000000000086e+00
1.666735199999999972e+00
1.666727099999999906e+00
1.666719199999999956e+00
1.666710899999999995e+00
1.666702499999999976e+00
1.666693999999999898e+00
1.666685500000000042e+00
1.666676999999999964e+00
1.666668100000000097e+00
1.666659600000000019e+00
1.666650500000000035e+00
1.666641400000000051e+00
1.666632399999999903e+00
1.666623100000000024e+00
1.666613799999999923e+00
1.666604900000000056e+00
1.666595499999999896e+00
1.666586499999999971e+00
1.666577100000000033e+00
1.666568300000000002e+00
1.666558999999999902e+00
1.666549899999999917e+00
1.666541100000000108e+00
1.666532499999999972e+00
1.666523699999999941e+00
1.666515500000000038e+00
1.666506499999999891e+00
1.666498699999999999e+00
1.666490599999999933e+00
1.666482000000000019e+00
1.666474100000000069e+00
1.666466000000000003e+00
1.666458100000000053e+00
1.666449800000000092e+00
1.666441400000000073e+00
1.666433300000000006e+00
1.666425000000000045e+00
1.666416600000000026e+00
1.666408300000000065e+00
1.666399699999999928e+00
1.666390199999999933e+00
1.666381600000000018e+00
1.666372299999999917e+00
1.666363199999999933e+00
1.666352999999999973e+00
1.666342999999999908e+00
1.666332499999999994e+00
1.666321799999999964e+00
1.666311000000000098e+00
1.666299100000000033e+00
1.666288100000000050e+00
1.666276000000000090e+00
1.666264200000000084e+00
1.666251499999999997e+00
1.666239500000000096e+00
1.666226599999999891e+00
1.666213500000000014e+00
1.666200600000000032e+00
1.666187199999999979e+00
1.666174199999999939e+00
1.666160899999999945e+00
1.666147499999999892e+00
1.666134000000000004e+00
1.666120999999999963e+00
1.666106899999999946e+00
1.666093800000000069e+00
1.666080199999999900e+00
1.666067100000000023e+00
1.666053999999999924e+00
1.666041099999999942e+00
1.666027900000000006e+00
1.666015400000000035e+00
1.666002999999999901e+00
1.665990099999999918e+00
1.665978100000000017e+00
1.665966000000000058e+00
1.665954399999999946e+00
1.665942899999999893e+00
1.665931499999999899e+00
1.665920599999999974e+00
1.665910000000000002e+00
1.665899400000000030e+00
1.665889500000000023e+00
1.665880000000000027e+00
1.665870699999999927e+00
1.665861400000000048e+00
1.665852499999999958e+00
1.665844199999999997e+00
1.665835699999999919e+00
1.665827799999999970e+00
1.665819900000000020e+00
1.665812499999999918e+00
1.665805200000000097e+00
1.665797799999999995e+00
1.665790600000000010e+00
1.665783400000000025e+00
1.665775800000000029e+00
1.665768899999999997e+00
1.665761899999999907e+00
1.665754600000000085e+00
1.665747300000000042e+00
1.665739899999999940e+00
1.665732599999999897e+00
1.665724800000000005e+00
1.665716600000000103e+00
1.665708799999999989e+00
1.665700799999999981e+00
1.665692100000000009e+00
1.665683699999999989e+00
1.665674899999999958e+00
1.665666099999999927e+00
1.665656699999999990e+00
1.665647499999999948e+00
1.665637899999999894e+00
1.665628700000000073e+00
1.665618700000000008e+00
1.665608600000000106e+00
1.665598399999999923e+00
1.665588000000000068e+00
1.665577199999999980e+00
1.665566600000000008e+00
1.665555799999999920e+00
1.665544700000000100e+00
1.665533500000000000e+00
1.665522799999999970e+00
1.665511399999999975e+00
1.665499899999999922e+00
1.665488999999999997e+00
1.665477199999999991e+00
1.665466099999999949e+00
1.665454100000000048e+00
1.665442700000000054e+00
1.665431499999999954e+00
1.665419500000000053e+00
1.665407800000000105e+00
1.665396499999999946e+00
1.665384699999999940e+00
1.665373200000000109e+00
1.665361400000000103e+00
1.665349799999999991e+00
1.665337999999999985e+00
1.665326599999999990e+00
1.665315199999999995e+00
1.665303200000000095e+00
1.665291999999999994e+00
1.665280600000000000e+00
1.665269099999999947e+00
1.665257999999999905e+00
1.665246599999999910e+00
1.665234799999999904e+00
1.665224100000000096e+00
1.665212499999999984e+00
1.665201500000000001e+00
1.665190699999999913e+00
1.665179399999999976e+00
1.665167999999999981e+00
1.665156800000000104e+00
1.665145899999999957e+00
1.665134300000000067e+00
1.665123200000000026e+00
1.665111500000000078e+00
1.665100100000000083e+00
1.665088700000000088e+00
1.665076699999999965e+00
1.665065500000000087e+00
1.665053399999999906e+00
1.665041800000000016e+00
1.665029899999999952e+00
1.665018099999999945e+00
1.665005899999999928e+00
1.664994199999999980e+00
1.664981999999999962e+00
1.664970199999999956e+00
1.664958200000000055e+00
1.664946400000000049e+00
1.664935099999999890e+00
1.664923699999999895e+00
1.664911999999999948e+00
1.664900800000000070e+00
1.664889800000000086e+00
1.664878800000000103e+00
1.664868400000000026e+00
1.664857999999999949e+00
1.664848300000000059e+00
1.664838599999999946e+00
1.664829300000000067e+00
1.664820200000000083e+00
1.664811800000000064e+00
1.664803299999999986e+00
1.664795599999999931e+00
1.664788200000000051e+00
1.664780900000000008e+00
1.664773899999999918e+00
1.664767499999999956e+00
1.664761099999999994e+00
1.664755599999999891e+00
1.664749400000000046e+00
1.664743899999999943e+00
1.664738700000000016e+00
1.664733599999999925e+00
1.664729499999999973e+00
1.664725100000000069e+00
1.664720800000000001e+00
1.664716700000000049e+00
1.664713399999999899e+00
1.664710300000000087e+00
1.664707200000000054e+00
1.664704299999999915e+00
1.664701500000000056e+00
1.664699300000000104e+00
1.664696699999999918e+00
1.664693800000000001e+00
1.664691900000000002e+00
1.664689800000000108e+00
1.664687199999999923e+00
1.664684700000000017e+00
1.664682100000000053e+00
1.664679299999999973e+00
1.664676199999999939e+00
1.664673000000000069e+00
1.664669299999999907e+00
1.664665000000000061e+00
1.664660299999999982e+00
1.664655699999999960e+00
1.664650200000000080e+00
1.664644000000000013e+00
1.664638300000000015e+00
1.664631799999999995e+00
1.664625199999999916e+00
1.664617900000000095e+00
1.664610700000000110e+00
1.664603199999999950e+00
1.664596100000000023e+00
1.664588200000000073e+00
1.664580799999999972e+00
1.664573199999999975e+00
1.664565599999999979e+00
1.664558900000000063e+00
1.664551499999999962e+00
1.664545299999999894e+00
1.664538099999999909e+00
1.664532200000000017e+00
1.664526200000000067e+00
1.664521200000000034e+00
1.664516399999999896e+00
1.664511700000000038e+00
1.664508099999999935e+00
1.664505700000000088e+00
1.664502900000000007e+00
1.664501199999999903e+00
1.664500199999999985e+00
1.664498800000000056e+00
1.664498199999999928e+00
1.664497399999999905e+00
1.664496500000000045e+00
1.664495000000000058e+00
1.664493299999999953e+00
1.664491699999999907e+00
1.664490000000000025e+00
1.664488100000000026e+00
1.664485800000000015e+00
1.664483500000000005e+00
1.664481600000000006e+00
1.664479499999999890e+00
1.664477100000000043e+00
1.664474500000000079e+00
1.664472600000000080e+00
1.664469999999999894e+00
1.664467799999999942e+00
1.664465499999999931e+00
1.664463500000000096e+00
1.664461600000000097e+00
1.664459600000000039e+00
1.664458500000000063e+00
1.664456699999999900e+00
1.664455400000000029e+00
1.664454700000000065e+00
1.664454499999999948e+00
1.664454199999999995e+00
1.664454499999999948e+00
1.664455199999999913e+00
1.664456099999999994e+00
1.664457700000000040e+00
1.664458800000000016e+00
1.664460400000000062e+00
1.664462600000000014e+00
1.664464500000000013e+00
1.664466900000000082e+00
1.664469999999999894e+00
1.664472299999999905e+00
1.664475699999999891e+00
1.664478799999999925e+00
1.664482199999999912e+00
1.664485699999999957e+00
1.664489300000000060e+00
1.664493000000000000e+00
1.664497099999999952e+00
1.664501000000000008e+00
1.664504999999999901e+00
1.664509199999999911e+00
1.664513300000000084e+00
1.664517500000000094e+00
1.664521600000000046e+00
1.664525899999999892e+00
1.664529799999999948e+00
1.664534100000000016e+00
1.664538099999999909e+00
1.664542200000000083e+00
1.664545500000000011e+00
1.664549599999999963e+00
1.664553399999999961e+00
1.664556300000000100e+00
1.664559700000000086e+00
1.664562799999999898e+00
1.664565999999999990e+00
1.664569100000000024e+00
1.664572200000000057e+00
1.664575300000000091e+00
1.664578700000000078e+00
1.664582000000000006e+00
1.664585600000000110e+00
1.664589400000000108e+00
1.664593200000000106e+00
1.664597499999999952e+00
1.664601800000000020e+00
1.664606500000000100e+00
1.664611099999999899e+00
1.664616099999999932e+00
1.664621600000000035e+00
1.664626600000000067e+00
1.664632099999999948e+00
1.664638199999999957e+00
1.664644199999999907e+00
1.664650200000000080e+00
1.664656399999999925e+00
1.664663299999999957e+00
1.664669799999999977e+00
1.664676400000000056e+00
1.664682900000000076e+00
1.664689800000000108e+00
1.664696900000000035e+00
1.664703400000000055e+00
1.664710399999999924e+00
1.664717000000000002e+00
1.664723399999999964e+00
1.664730100000000101e+00
1.664735800000000099e+00
1.664740700000000073e+00
1.664744900000000083e+00
1.664748799999999918e+00
1.664752400000000021e+00
1.664755900000000066e+00
1.664758399999999972e+00
1.664761099999999994e+00
1.664763200000000110e+00
1.664765599999999957e+00
1.664767700000000072e+00
1.664770099999999919e+00
1.664772399999999930e+00
1.664774900000000057e+00
1.664777500000000021e+00
1.664780499999999996e+00
1.664783600000000030e+00
1.664787100000000075e+00
1.664791300000000085e+00
1.664796799999999966e+00
1.664802300000000068e+00
1.664808999999999983e+00
1.664816899999999933e+00
1.664824700000000046e+00
1.664833299999999960e+00
1.664842099999999991e+00
1.664851700000000045e+00
1.664861700000000111e+00
1.664872799999999931e+00
1.664884199999999925e+00
1.664896200000000048e+00
1.664909100000000031e+00
1.664922400000000025e+00
1.664936299999999925e+00
1.664951300000000023e+00
1.664967099999999922e+00
1.664983399999999891e+00
1.665000000000000036e+00
1.665017399999999981e+00
1.665035499999999891e+00
1.665053799999999917e+00
1.665072700000000072e+00
1.665092599999999923e+00
1.665112499999999995e+00
1.665132800000000080e+00
1.665153499999999953e+00
1.665174600000000060e+00
1.665195900000000062e+00
1.665217799999999970e+00
1.665239300000000089e+00
1.665261899999999962e+00
1.665284500000000056e+00
1.665307799999999894e+00
1.665331200000000011e+00
1.665354500000000071e+00
1.665377899999999967e+00
1.665402400000000060e+00
1.665426499999999921e+00
1.665450700000000062e+00
1.665474899999999980e+00
1.665499400000000074e+00
1.665524800000000027e+00
1.665549799999999969e+00
1.665575000000000028e+00
1.665600799999999992e+00
1.665626800000000074e+00
1.665652799999999933e+00
1.665679899999999991e+00
1.665707700000000013e+00
1.665736399999999895e+00
1.665766199999999975e+00
1.665796000000000054e+00
1.665826800000000052e+00
1.665857600000000049e+00
1.665888800000000058e+00
1.665920000000000067e+00
1.665951100000000018e+00
1.665981900000000016e+00
1.666012800000000071e+00
1.666042800000000046e+00
1.666072500000000067e+00
1.666101499999999902e+00
1.666129600000000099e+00
1.666157200000000005e+00
1.666183900000000051e+00
1.666209199999999946e+00
1.666233499999999923e+00
1.666257099999999935e+00
1.666279800000000089e+00
1.666302699999999914e+00
1.666324899999999998e+00
1.666347299999999976e+00
1.666368599999999978e+00
1.666390199999999933e+00
1.666411899999999946e+00
1.666433099999999889e+00
1.666454099999999938e+00
1.666475300000000104e+00
1.666495800000000083e+00
1.666516499999999956e+00
1.666537399999999947e+00
1.666558100000000042e+00
1.666578300000000068e+00
1.666598999999999942e+00
1.666619700000000037e+00
1.666640300000000074e+00
1.666660400000000042e+00
1.666681199999999974e+00
1.666701900000000069e+00
1.666722100000000095e+00
1.666742600000000074e+00
1.666762800000000100e+00
1.666783499999999973e+00
1.666803599999999941e+00
1.666824700000000048e+00
1.666844999999999910e+00
1.666865700000000006e+00
1.666886099999999926e+00
1.666907200000000033e+00
1.666927800000000071e+00
1.666948799999999897e+00
1.666969799999999946e+00
1.666990900000000053e+00
1.667012200000000055e+00
1.667033100000000045e+00
1.667053799999999919e+00
1.667074699999999909e+00
1.667095400000000005e+00
1.667116000000000042e+00
1.667136399999999963e+00
1.667156300000000035e+00
1.667175899999999933e+00
1.667195399999999994e+00
1.667214600000000102e+00
1.667232899999999907e+00
1.667251100000000097e+00
1.667268799999999995e+00
1.667286499999999894e+00
1.667303299999999933e+00
1.667320300000000088e+00
1.667335999999999929e+00
1.667351500000000097e+00
1.667366600000000032e+00
1.667381000000000002e+00
1.667394899999999902e+00
1.667408000000000001e+00
1.667420899999999984e+00
1.667433299999999896e+00
1.667444699999999891e+00
1.667455700000000096e+00
1.667466200000000009e+00
1.667476500000000028e+00
1.667486199999999918e+00
1.667495500000000019e+00
1.667504199999999992e+00
1.667512399999999895e+00
1.667520799999999914e+00
1.667528600000000027e+00
1.667536499999999977e+00
1.667543599999999904e+00
1.667551000000000005e+00
1.667557699999999921e+00
1.667563700000000093e+00
1.667569599999999985e+00
1.667575000000000029e+00
1.667579900000000004e+00
1.667584900000000037e+00
1.667589299999999941e+00
1.667594400000000032e+00
1.667598200000000030e+00
1.667602400000000040e+00
1.667606399999999933e+00
1.667610500000000107e+00
1.667614699999999894e+00
1.667618499999999893e+00
1.667623000000000077e+00
1.667627600000000099e+00
1.667632599999999909e+00
1.667637299999999989e+00
1.667642800000000092e+00
1.667648299999999972e+00
1.667654500000000040e+00
1.667660700000000107e+00
1.667667999999999928e+00
1.667675699999999983e+00
1.667683199999999921e+00
1.667692399999999964e+00
1.667701399999999889e+00
1.667711500000000013e+00
1.667721999999999927e+00
1.667733200000000027e+00
1.667746299999999904e+00
1.667760600000000037e+00
1.667776799999999948e+00
1.667794100000000057e+00
1.667812599999999978e+00
1.667831499999999911e+00
1.667851299999999926e+00
1.667871700000000068e+00
1.667891699999999977e+00
1.667911099999999980e+00
1.667930399999999924e+00
1.667948599999999892e+00
1.667965200000000037e+00
1.667980699999999983e+00
1.667993999999999977e+00
1.668005500000000030e+00
1.668014300000000061e+00
1.668020599999999964e+00
1.668025899999999950e+00
1.668028800000000089e+00
1.668031199999999936e+00
1.668031499999999889e+00
1.668030700000000088e+00
1.668027900000000008e+00
1.668024699999999916e+00
1.668019499999999988e+00
1.668013799999999991e+00
1.668006199999999994e+00
1.667997100000000010e+00
1.667987600000000015e+00
1.667976600000000031e+00
1.667964699999999967e+00
1.667951600000000090e+00
1.667937199999999898e+00
1.667922499999999975e+00
1.667906300000000064e+00
1.667888500000000107e+00
1.667868399999999918e+00
1.667845500000000092e+00
1.667821199999999893e+00
1.667795700000000103e+00
1.667768700000000104e+00
1.667741099999999976e+00
1.667712199999999978e+00
1.667683599999999933e+00
1.667655000000000109e+00
1.667626400000000064e+00
1.667598200000000030e+00
1.667570699999999961e+00
1.667544399999999927e+00
1.667519299999999927e+00
1.667495500000000019e+00
1.667472599999999971e+00
1.667451699999999981e+00
1.667432100000000084e+00
1.667414900000000033e+00
1.667399000000000076e+00
1.667384600000000106e+00
1.667371299999999890e+00
1.667358399999999907e+00
1.667346500000000065e+00
1.667335199999999906e+00
1.667324100000000087e+00
1.667313299999999998e+00
1.667302800000000085e+00
1.667291999999999996e+00
1.667281599999999919e+00
1.667270899999999889e+00
1.667260399999999976e+00
1.667248999999999981e+00
1.667237599999999986e+00
1.667225799999999980e+00
1.667213700000000021e+00
1.667201200000000050e+00
1.667188399999999904e+00
1.667174900000000015e+00
1.667161700000000080e+00
1.667147600000000063e+00
1.667133799999999999e+00
1.667119699999999982e+00
1.667108500000000104e+00
1.667100000000000026e+00
1.667092900000000100e+00
1.667087800000000009e+00
1.667083700000000057e+00
1.667080200000000012e+00
1.667077300000000095e+00
1.667074699999999909e+00
1.667070999999999970e+00
1.667067099999999913e+00
1.667062000000000044e+00
1.667055799999999977e+00
1.667047500000000015e+00
1.667037600000000008e+00
1.667024499999999909e+00
1.667009500000000033e+00
1.666991499999999959e+00
1.666969499999999993e+00
1.666945099999999957e+00
1.666916400000000076e+00
1.666884100000000091e+00
1.666847200000000084e+00
1.666806500000000080e+00
1.666760999999999937e+00
1.666711099999999890e+00
1.666657000000000055e+00
1.666598999999999942e+00
1.666538199999999970e+00
1.666473899999999952e+00
1.666406899999999913e+00
1.666337500000000027e+00
1.666265700000000072e+00
1.666191299999999931e+00
1.666115299999999966e+00
1.666037999999999908e+00
1.665958599999999956e+00
1.665878299999999923e+00
1.665796400000000066e+00
1.665713500000000069e+00
1.665630299999999897e+00
1.665546399999999982e+00
1.665462299999999951e+00
1.665377899999999967e+00
1.665293499999999982e+00
1.665209099999999998e+00
1.665124199999999943e+00
1.665039900000000017e+00
1.664955600000000091e+00
1.664871900000000071e+00
1.664788799999999958e+00
1.664706699999999984e+00
1.664625400000000033e+00
1.664545399999999953e+00
1.664466699999999966e+00
1.664389099999999955e+00
1.664314999999999989e+00
1.664243200000000034e+00
1.664174800000000065e+00
1.664108499999999990e+00
1.664044599999999985e+00
1.663981799999999955e+00
1.663919900000000007e+00
1.663858800000000082e+00
1.663797299999999924e+00
1.663735399999999975e+00
1.663671700000000087e+00
1.663606399999999930e+00
1.663538600000000089e+00
1.663467400000000040e+00
1.663392100000000040e+00
1.663312200000000018e+00
1.663227900000000092e+00
1.663143899999999897e+00
1.663059700000000030e+00
1.662975499999999940e+00
1.662890299999999932e+00
1.662803100000000089e+00
1.662713499999999955e+00
1.662620299999999940e+00
1.662523500000000043e+00
1.662422400000000078e+00
1.662316099999999963e+00
1.662204400000000026e+00
1.662086500000000022e+00
1.661963000000000079e+00
1.661832299999999929e+00
1.661694800000000027e+00
1.661549399999999954e+00
1.661396300000000048e+00
1.661235800000000040e+00
1.661067800000000094e+00
1.660894599999999999e+00
1.660716400000000093e+00
1.660533400000000048e+00
1.660346000000000100e+00
1.660155100000000106e+00
1.659960499999999950e+00
1.659763799999999900e+00
1.659564500000000109e+00
1.659364199999999956e+00
1.659161600000000014e+00
1.658957699999999980e+00
1.658752000000000004e+00
1.658544800000000041e+00
1.658336500000000102e+00
1.658127399999999918e+00
1.657917000000000085e+00
1.657705800000000007e+00
1.657493099999999941e+00
1.657280000000000086e+00
1.657065699999999975e+00
1.656851999999999991e+00
1.656637700000000102e+00
1.656423100000000037e+00
1.656207299999999938e+00
1.655989399999999945e+00
1.655769499999999894e+00
1.655547899999999961e+00
1.655323099999999936e+00
1.655096399999999912e+00
1.654865999999999948e+00
1.654637799999999936e+00
1.654414700000000016e+00
1.654193900000000106e+00
1.653974199999999950e+00
1.653752799999999912e+00
1.653527100000000027e+00
1.653296499999999947e+00
1.653056700000000045e+00
1.652806800000000020e+00
1.652544999999999931e+00
1.652268800000000093e+00
1.651975900000000053e+00
1.651675699999999969e+00
1.651369099999999923e+00
1.651054599999999928e+00
1.650732499999999936e+00
1.650401400000000018e+00
1.650060099999999919e+00
1.649707999999999952e+00
1.649344700000000108e+00
1.648968599999999896e+00
1.648579800000000040e+00
1.648176800000000108e+00
1.647759900000000055e+00
1.647328899999999985e+00
1.646884699999999979e+00
1.646429200000000037e+00
1.645962399999999937e+00
1.645485899999999946e+00
1.645000199999999912e+00
1.644505600000000012e+00
1.644003199999999998e+00
1.643493400000000104e+00
1.642976299999999945e+00
1.642452500000000093e+00
1.641922099999999940e+00
1.641386199999999906e+00
1.640843199999999946e+00
1.640290100000000084e+00
1.639728300000000027e+00
1.639157900000000057e+00
1.638580300000000101e+00
1.637997200000000042e+00
1.637408500000000044e+00
1.636816000000000049e+00
1.636219300000000043e+00
1.635620400000000085e+00
1.635019100000000059e+00
1.634416799999999892e+00
1.633813399999999971e+00
1.633209899999999992e+00
1.632606699999999966e+00
1.632000200000000012e+00
1.631390700000000082e+00
1.630778099999999897e+00
1.630163199999999923e+00
1.629546399999999950e+00
1.628927900000000095e+00
1.628308300000000042e+00
1.627686299999999919e+00
1.627063499999999996e+00
1.626438700000000015e+00
1.625809899999999919e+00
1.625175199999999931e+00
1.624535300000000015e+00
1.623888999999999916e+00
1.623235699999999948e+00
1.622575799999999902e+00
1.621908399999999917e+00
1.621233300000000099e+00
1.620550900000000016e+00
1.619860400000000089e+00
1.619161599999999979e+00
1.618453700000000106e+00
1.617738399999999910e+00
1.617013699999999998e+00
1.616280600000000067e+00
1.615536800000000106e+00
1.614778000000000047e+00
1.614006899999999911e+00
1.613225700000000096e+00
1.612436800000000003e+00
1.611642100000000077e+00
1.610843699999999989e+00
1.610044500000000101e+00
1.609245299999999990e+00
1.608447699999999925e+00
1.607653599999999905e+00
1.606853000000000087e+00
1.606041800000000075e+00
1.605222699999999891e+00
1.604399099999999967e+00
1.603574300000000008e+00
1.602750700000000084e+00
1.601931200000000111e+00
1.601119200000000076e+00
1.600316400000000083e+00
1.599526400000000015e+00
1.598750799999999916e+00
1.597982299999999967e+00
1.597206799999999927e+00
1.596428900000000040e+00
1.595652599999999977e+00
1.594880899999999935e+00
1.594118799999999947e+00
1.593367800000000001e+00
1.592633200000000082e+00
1.591916799999999910e+00
1.591221999999999914e+00
1.590551100000000107e+00
1.589907600000000087e+00
1.589283000000000001e+00
1.588666099999999970e+00
1.588058900000000051e+00
1.587465300000000079e+00
1.586886900000000100e+00
1.586325500000000055e+00
1.585784700000000047e+00
1.585266099999999900e+00
1.584770199999999907e+00
1.584289300000000011e+00
1.583821200000000040e+00
1.583365799999999934e+00
1.582924500000000068e+00
1.582496799999999926e+00
1.582083700000000093e+00
1.581683500000000020e+00
1.581297200000000069e+00
1.580924999999999914e+00
1.580562599999999929e+00
1.580211199999999927e+00
1.579873099999999919e+00
1.579550000000000010e+00
1.579244400000000104e+00
1.578957799999999967e+00
1.578692399999999996e+00
1.578449800000000014e+00
1.578231299999999893e+00
1.578034399999999948e+00
1.577857999999999983e+00
1.577701599999999926e+00
1.577565000000000106e+00
1.577448600000000090e+00
1.577353999999999923e+00
1.577280999999999933e+00
1.577232100000000026e+00
1.577208399999999955e+00
1.577211600000000047e+00
1.577242000000000033e+00
1.577299400000000018e+00
1.577381099999999980e+00
1.577485900000000107e+00
1.577612199999999909e+00
1.577761100000000027e+00
1.577933299999999983e+00
1.578128100000000034e+00
1.578347399999999956e+00
1.578592299999999948e+00
1.578867199999999915e+00
1.579168899999999987e+00
1.579493599999999942e+00
1.579837600000000064e+00
1.580196399999999946e+00
1.580583899999999931e+00
1.580998499999999973e+00
1.581429200000000090e+00
1.581864200000000054e+00
1.582292999999999950e+00
1.582709799999999944e+00
1.583122300000000093e+00
1.583536999999999972e+00
1.583958900000000058e+00
1.584392199999999917e+00
1.584841699999999909e+00
1.585312599999999961e+00
1.585802399999999945e+00
1.586305700000000041e+00
1.586817700000000109e+00
1.587332500000000035e+00
1.587845799999999974e+00
1.588368900000000083e+00
1.588899000000000061e+00
1.589430899999999980e+00
1.589958900000000064e+00
1.590478899999999918e+00
1.590991000000000044e+00
1.591508700000000109e+00
1.592032200000000008e+00
1.592558600000000046e+00
1.593083400000000038e+00
1.593598099999999906e+00
1.594098100000000073e+00
1.594595399999999996e+00
1.595089900000000060e+00
1.595577699999999988e+00
1.596053399999999955e+00
1.596511199999999908e+00
1.596945499999999907e+00
1.597357700000000102e+00
1.597749599999999992e+00
1.598121200000000020e+00
1.598473999999999950e+00
1.598807899999999949e+00
1.599125099999999966e+00
1.599429500000000060e+00
1.599725700000000028e+00
1.600009400000000026e+00
1.600274200000000091e+00
1.600515600000000038e+00
1.600727900000000092e+00
1.600907199999999975e+00
1.601058000000000092e+00
1.601186800000000021e+00
1.601293099999999914e+00
1.601373900000000017e+00
1.601429299999999945e+00
1.601455700000000038e+00
1.601452799999999899e+00
1.601426199999999911e+00
1.601380599999999932e+00
1.601313800000000009e+00
1.601221599999999912e+00
1.601101899999999967e+00
1.600950000000000095e+00
1.600762599999999924e+00
1.600544699999999931e+00
1.600300700000000020e+00
1.600027799999999889e+00
1.599721399999999960e+00
1.599379300000000059e+00
1.598998399999999931e+00
1.598577099999999973e+00
1.598114800000000058e+00
1.597619099999999959e+00
1.597091199999999933e+00
1.596533100000000038e+00
1.595944000000000029e+00
1.595323599999999953e+00
1.594672400000000101e+00
1.593990299999999971e+00
1.593278399999999984e+00
1.592543599999999948e+00
1.591784800000000111e+00
1.590999599999999958e+00
1.590187800000000040e+00
1.589345500000000078e+00
1.588473800000000047e+00
1.587568300000000043e+00
1.586630699999999949e+00
1.585668099999999914e+00
1.584677499999999961e+00
1.583655000000000035e+00
1.582601099999999983e+00
1.581522199999999989e+00
1.580421899999999935e+00
1.579295200000000010e+00
1.578134499999999996e+00
1.576935600000000104e+00
1.575698899999999902e+00
1.574428799999999962e+00
1.573130600000000046e+00
1.571814100000000103e+00
1.570484500000000061e+00
1.569137199999999899e+00
1.567766699999999958e+00
1.566365400000000019e+00
1.564931599999999978e+00
1.563472399999999984e+00
1.561988600000000060e+00
1.560484399999999994e+00
1.558963499999999947e+00
1.557435300000000078e+00
1.555893900000000052e+00
1.554333699999999929e+00
1.552746500000000029e+00
1.551125000000000087e+00
1.549472799999999983e+00
1.547796699999999914e+00
1.546107099999999956e+00
1.544409799999999944e+00
1.542708200000000085e+00
1.541002500000000053e+00
1.539285199999999909e+00
1.537549700000000019e+00
1.535792599999999952e+00
1.534010600000000002e+00
1.532210099999999908e+00
1.530394800000000055e+00
1.528565399999999963e+00
1.526723300000000005e+00
1.524867699999999937e+00
1.523000499999999979e+00
1.521123400000000014e+00
1.519238000000000088e+00
1.517344000000000026e+00
1.515442100000000014e+00
1.513532000000000100e+00
1.511612399999999967e+00
1.509686499999999931e+00
1.507758099999999990e+00
1.505830500000000072e+00
1.503907899999999964e+00
1.501991300000000029e+00
1.500079900000000022e+00
1.498173500000000047e+00
1.496270999999999907e+00
1.494374000000000091e+00
1.492476499999999984e+00
1.490573600000000054e+00
1.488669900000000101e+00
1.486772800000000005e+00
1.484888800000000009e+00
1.483023800000000003e+00
1.481182900000000080e+00
1.479365800000000064e+00
1.477571500000000038e+00
1.475796899999999967e+00
1.474039600000000005e+00
1.472296499999999897e+00
1.470563400000000076e+00
1.468839400000000017e+00
1.467126699999999895e+00
1.465424099999999896e+00
1.463727699999999965e+00
1.462034700000000020e+00
1.460341200000000006e+00
1.458643399999999923e+00
1.456941400000000053e+00
1.455233900000000080e+00
1.453518899999999947e+00
1.451792999999999889e+00
1.450053000000000036e+00
1.448302299999999931e+00
1.446547500000000097e+00
1.444784899999999928e+00
1.443014599999999925e+00
1.441239799999999960e+00
1.439463099999999995e+00
1.437686599999999926e+00
1.435913599999999901e+00
1.434145699999999968e+00
1.432376600000000000e+00
1.430601599999999918e+00
1.428825599999999918e+00
1.427053600000000033e+00
1.425290900000000027e+00
1.423542300000000038e+00
1.421812700000000040e+00
1.420105100000000009e+00
1.418413399999999935e+00
1.416738899999999912e+00
1.415086499999999914e+00
1.413459100000000079e+00
1.411858700000000022e+00
1.410288699999999951e+00
1.408749299999999982e+00
1.407232599999999945e+00
1.405737299999999967e+00
1.404266999999999932e+00
1.402826300000000082e+00
1.401416299999999948e+00
1.400036599999999964e+00
1.398686400000000107e+00
1.397362699999999958e+00
1.396060899999999938e+00
1.394779400000000003e+00
1.393514499999999989e+00
1.392263400000000040e+00
1.391023799999999921e+00
1.389793400000000068e+00
1.388571299999999953e+00
1.387357200000000068e+00
1.386151099999999969e+00
1.384953300000000054e+00
1.383764599999999900e+00
1.382582999999999895e+00
1.381404899999999936e+00
1.380228999999999928e+00
1.379051000000000027e+00
1.377867100000000011e+00
1.376676999999999929e+00
1.375480199999999931e+00
1.374277500000000041e+00
1.373070500000000083e+00
1.371861100000000055e+00
1.370651400000000075e+00
1.369443399999999977e+00
1.368238300000000018e+00
1.367038200000000092e+00
1.365843300000000093e+00
1.364654899999999893e+00
1.363472900000000099e+00
1.362297499999999939e+00
1.361130100000000009e+00
1.359970499999999971e+00
1.358817299999999895e+00
1.357671700000000037e+00
1.356532499999999919e+00
1.355400600000000066e+00
1.354273800000000083e+00
1.353146699999999925e+00
1.352019700000000046e+00
1.350892399999999993e+00
1.349767600000000067e+00
1.348647499999999999e+00
1.347533000000000092e+00
1.346423900000000007e+00
1.345321400000000001e+00
1.344225000000000003e+00
1.343134599999999956e+00
1.342049599999999954e+00
1.340969300000000031e+00
1.339892499999999931e+00
1.338818300000000017e+00
1.337745699999999927e+00
1.336674200000000035e+00
1.335605900000000013e+00
1.334541299999999930e+00
1.333481300000000092e+00
1.332426700000000075e+00
1.331373200000000034e+00
1.330319000000000029e+00
1.329265600000000047e+00
1.328214000000000006e+00
1.327165399999999940e+00
1.326118899999999989e+00
1.325071600000000016e+00
1.324023200000000067e+00
1.322975400000000024e+00
1.321929499999999980e+00
1.320886400000000016e+00
1.319848200000000027e+00
1.318814799999999954e+00
1.317787599999999948e+00
1.316767100000000079e+00
1.315753900000000032e+00
1.314748299999999981e+00
1.313750999999999891e+00
1.312759599999999915e+00
1.311766699999999952e+00
1.310766099999999934e+00
1.309758800000000001e+00
1.308748100000000081e+00
1.307736900000000091e+00
1.306727500000000042e+00
1.305722499999999897e+00
1.304723499999999925e+00
1.303731999999999891e+00
1.302749399999999946e+00
1.301776899999999904e+00
1.300815599999999961e+00
1.299865100000000107e+00
1.298921100000000051e+00
1.297977200000000053e+00
1.297034299999999973e+00
1.296093500000000009e+00
1.295156399999999985e+00
1.294223899999999983e+00
1.293296299999999954e+00
1.292367299999999997e+00
1.291436699999999993e+00
1.290508400000000000e+00
1.289583600000000052e+00
1.288665699999999914e+00
1.287756300000000076e+00
1.286857200000000034e+00
1.285970899999999917e+00
1.285092099999999959e+00
1.284215899999999966e+00
1.283343200000000017e+00
1.282475699999999996e+00
1.281613899999999973e+00
1.280758999999999981e+00
1.279911599999999927e+00
1.279072500000000057e+00
1.278242199999999995e+00
1.277420900000000081e+00
1.276604300000000025e+00
1.275787699999999969e+00
1.274972800000000017e+00
1.274163099999999993e+00
1.273359300000000083e+00
1.272564999999999946e+00
1.271778700000000040e+00
1.270995099999999933e+00
1.270215400000000106e+00
1.269440899999999983e+00
1.268671499999999952e+00
1.267908999999999953e+00
1.267153500000000044e+00
1.266405000000000003e+00
1.265664700000000087e+00
1.264931699999999992e+00
1.264206600000000069e+00
1.263491300000000095e+00
1.262778299999999909e+00
1.262064899999999934e+00
1.261352500000000099e+00
1.260642599999999947e+00
1.259938699999999967e+00
1.259241899999999914e+00
1.258551100000000034e+00
1.257864199999999988e+00
1.257181899999999963e+00
1.256504499999999913e+00
1.255833500000000047e+00
1.255168000000000061e+00
1.254509000000000096e+00
1.253856499999999929e+00
1.253211099999999911e+00
1.252572299999999972e+00
1.251940499999999901e+00
1.251314899999999897e+00
1.250691199999999892e+00
1.250066399999999911e+00
1.249443999999999999e+00
1.248825300000000027e+00
1.248211100000000018e+00
1.247603900000000099e+00
1.247003099999999920e+00
1.246411200000000052e+00
1.245825100000000019e+00
1.245244599999999924e+00
1.244669999999999943e+00
1.244100699999999948e+00
1.243535899999999916e+00
1.242976199999999976e+00
1.242420899999999939e+00
1.241868699999999937e+00
1.241320299999999932e+00
1.240773600000000032e+00
1.240225099999999969e+00
1.239676999999999918e+00
1.239128800000000030e+00
1.238583299999999943e+00
1.238040000000000029e+00
1.237499600000000033e+00
1.236962200000000012e+00
1.236428499999999930e+00
1.235898600000000069e+00
1.235372799999999938e+00
1.234852099999999897e+00
1.234335699999999925e+00
1.233824000000000032e+00
1.233317599999999903e+00
1.232815699999999959e+00
1.232319600000000070e+00
1.231826700000000052e+00
1.231335800000000091e+00
1.230847400000000036e+00
1.230362200000000072e+00
1.229880700000000049e+00
1.229402399999999895e+00
1.228927600000000009e+00
1.228454699999999900e+00
1.227983000000000047e+00
1.227513199999999971e+00
1.227043600000000012e+00
1.226575399999999982e+00
1.226108699999999940e+00
1.225643299999999991e+00
1.225181700000000040e+00
1.224723800000000029e+00
1.224270100000000028e+00
1.223821199999999942e+00
1.223378199999999971e+00
1.222941999999999974e+00
1.222511300000000078e+00
1.222086900000000087e+00
1.221666600000000047e+00
1.221249100000000087e+00
1.220834500000000045e+00
1.220421299999999931e+00
1.220009600000000027e+00
1.219598299999999913e+00
1.219189400000000090e+00
1.218781600000000021e+00
1.218378799999999984e+00
1.217980300000000016e+00
1.217585099999999976e+00
1.217191499999999982e+00
1.216801000000000021e+00
1.216410299999999944e+00
1.216022600000000065e+00
1.215635400000000033e+00
1.215249199999999918e+00
1.214863299999999979e+00
1.214478299999999900e+00
1.214097600000000110e+00
1.213720799999999933e+00
1.213348199999999988e+00
1.212979800000000052e+00
1.212614300000000034e+00
1.212252899999999967e+00
1.211892200000000086e+00
1.211533100000000029e+00
1.211175300000000066e+00
1.210817800000000055e+00
1.210461999999999927e+00
1.210112800000000099e+00
1.209768100000000013e+00
1.209430599999999911e+00
1.209098199999999901e+00
1.208770899999999981e+00
1.208447800000000072e+00
1.208127699999999916e+00
1.207810300000000003e+00
1.207492599999999916e+00
1.207174699999999934e+00
1.206853699999999918e+00
1.206531400000000032e+00
1.206209099999999923e+00
1.205885300000000049e+00
1.205561600000000011e+00
1.205238599999999938e+00
1.204921499999999979e+00
1.204609400000000052e+00
1.204303399999999913e+00
1.204002299999999970e+00
1.203705999999999943e+00
1.203412399999999938e+00
1.203121700000000072e+00
1.202833100000000099e+00
1.202548399999999962e+00
1.202266599999999963e+00
1.201987700000000103e+00
1.201709399999999928e+00
1.201431499999999986e+00
1.201153300000000090e+00
1.200874599999999903e+00
1.200595099999999915e+00
1.200318299999999949e+00
1.200046799999999969e+00
1.199777199999999988e+00
1.199511500000000064e+00
1.199250200000000044e+00
1.198994399999999905e+00
1.198742600000000103e+00
1.198495000000000088e+00
1.198251200000000072e+00
1.198010400000000031e+00
1.197772300000000012e+00
1.197535599999999922e+00
1.197300699999999996e+00
1.197065199999999940e+00
1.196829700000000107e+00
1.196592799999999901e+00
1.196356500000000045e+00
1.196129999999999916e+00
1.195913299999999957e+00
1.195704899999999959e+00
1.195504700000000087e+00
1.195310799999999896e+00
1.195122599999999924e+00
1.194938999999999973e+00
1.194758699999999951e+00
1.194580999999999893e+00
1.194404400000000033e+00
1.194228400000000079e+00
1.194050999999999974e+00
1.193873200000000079e+00
1.193695900000000032e+00
1.193520200000000031e+00
1.193345199999999995e+00
1.193173299999999992e+00
1.193011199999999938e+00
1.192858200000000091e+00
1.192711899999999936e+00
1.192571599999999954e+00
1.192436300000000005e+00
1.192304599999999937e+00
1.192176700000000089e+00
1.192051100000000030e+00
1.191928400000000110e+00
1.191809700000000083e+00
1.191695200000000066e+00
1.191585700000000081e+00
1.191480899999999954e+00
1.191379799999999989e+00
1.191282399999999964e+00
1.191187500000000066e+00
1.191096900000000014e+00
1.191018499999999980e+00
1.190950900000000034e+00
1.190893200000000096e+00
1.190843099999999932e+00
1.190800199999999975e+00
1.190764300000000109e+00
1.190736500000000087e+00
1.190716700000000072e+00
1.190704599999999891e+00
1.190699699999999916e+00
1.190701999999999927e+00
1.190710900000000017e+00
1.190726500000000021e+00
1.190747999999999918e+00
1.190775899999999998e+00
1.190808799999999890e+00
1.190847400000000000e+00
1.190896299999999908e+00
1.190962300000000029e+00
1.191047100000000025e+00
1.191149699999999978e+00
1.191267800000000099e+00
1.191400400000000026e+00
1.191546599999999900e+00
1.191703600000000085e+00
1.191871200000000020e+00
1.192050199999999949e+00
1.192242100000000082e+00
1.192447299999999988e+00
1.192666599999999910e+00
1.192900499999999919e+00
1.193149699999999980e+00
1.193414200000000092e+00
1.193693899999999974e+00
1.193988700000000014e+00
1.194299800000000022e+00
1.194635499999999961e+00
1.194999300000000098e+00
1.195390799999999976e+00
1.195809600000000028e+00
1.196255099999999905e+00
1.196726100000000015e+00
1.197223799999999949e+00
1.197748699999999999e+00
1.198302500000000048e+00
1.198886399999999908e+00
1.199502300000000021e+00
1.200151299999999921e+00
1.200833100000000098e+00
1.201547399999999932e+00
1.202294299999999927e+00
1.203074699999999941e+00
1.203890399999999916e+00
1.204743700000000084e+00
1.205637300000000023e+00
1.206573600000000024e+00
1.207556700000000038e+00
1.208598400000000073e+00
1.209700500000000067e+00
1.210863699999999987e+00
1.212088300000000007e+00
1.213374399999999964e+00
1.214725300000000008e+00
1.216143500000000044e+00
1.217627999999999933e+00
1.219179400000000024e+00
1.220798899999999909e+00
1.222487300000000054e+00
1.224247800000000108e+00
1.226085899999999951e+00
1.228006799999999954e+00
1.230014099999999999e+00
1.232112099999999932e+00
1.234302199999999905e+00
1.236586699999999928e+00
1.238967699999999894e+00
1.241446999999999967e+00
1.244028600000000040e+00
1.246716099999999994e+00
1.249509200000000098e+00
1.252414099999999975e+00
1.255437300000000089e+00
1.258584900000000006e+00
1.261863200000000074e+00
1.265281700000000065e+00
1.268841300000000061e+00
1.272541799999999945e+00
1.276382200000000022e+00
1.280361300000000035e+00
1.284479099999999985e+00
1.288735500000000034e+00
1.293132799999999971e+00
1.297671800000000042e+00
1.302350600000000025e+00
1.307171199999999978e+00
1.312117900000000059e+00
1.317193700000000023e+00
1.322404899999999994e+00
1.327757499999999924e+00
1.333257200000000031e+00
1.338894400000000040e+00
1.344654299999999969e+00
1.350535000000000041e+00
1.356533100000000047e+00
1.362644399999999978e+00
1.368858799999999931e+00
1.375156199999999940e+00
1.381536499999999945e+00
1.387999299999999936e+00
1.394546999999999981e+00
1.401178500000000104e+00
1.407858400000000065e+00
1.414578200000000008e+00
1.421339300000000083e+00
1.428145400000000009e+00
1.435002099999999947e+00
1.441892600000000080e+00
1.448777699999999946e+00
1.455657999999999896e+00
1.462537999999999894e+00
1.469420699999999913e+00
1.476307199999999931e+00
1.483140899999999984e+00
1.489891800000000099e+00
1.496550300000000000e+00
1.503104900000000077e+00
1.509539600000000092e+00
1.515820600000000073e+00
1.521858900000000014e+00
1.527636100000000052e+00
1.533144499999999910e+00
1.538384399999999985e+00
1.543361999999999901e+00
1.548087800000000014e+00
1.552532000000000023e+00
1.556708200000000097e+00
1.560646500000000048e+00
1.564376100000000047e+00
1.567925000000000013e+00
1.571321200000000085e+00
1.574590900000000016e+00
1.577747800000000034e+00
1.580780700000000039e+00
1.583702299999999896e+00
1.586524999999999963e+00
1.589258599999999966e+00
1.591909900000000100e+00
1.594487399999999999e+00
1.596997999999999918e+00
1.599446399999999935e+00
1.601824799999999938e+00
1.604111999999999982e+00
1.606309200000000104e+00
1.608418700000000090e+00
1.610443400000000080e+00
1.612385299999999910e+00
1.614248499999999975e+00
1.616038099999999922e+00
1.617757300000000065e+00
1.619388800000000073e+00
1.620922600000000102e+00
1.622365499999999905e+00
1.623724100000000004e+00
1.625004099999999951e+00
1.626211899999999932e+00
1.627351500000000062e+00
1.628427499999999917e+00
1.629440299999999953e+00
1.630381099999999917e+00
1.631239700000000070e+00
1.632021699999999909e+00
1.632738400000000034e+00
1.633409300000000064e+00
1.634045799999999993e+00
1.634653099999999970e+00
1.635234400000000088e+00
1.635789399999999949e+00
1.637122399999999978e+00
1.638323299999999927e+00
1.639091599999999982e+00
1.639317799999999936e+00
1.639447499999999946e+00
1.639723100000000100e+00
1.639969900000000091e+00
1.640046399999999904e+00
1.640045200000000092e+00
1.640081399999999912e+00
1.640099200000000090e+00
1.640051399999999937e+00
1.640072100000000033e+00
1.640244999999999953e+00
1.640452900000000103e+00
1.640472799999999953e+00
1.640169100000000046e+00
1.639719399999999938e+00
1.639376799999999967e+00
1.639290300000000089e+00
1.640106700000000028e+00
1.640883899999999951e+00
1.641629699999999970e+00
1.642342699999999933e+00
1.643018000000000089e+00
1.643653000000000031e+00
1.644246799999999897e+00
1.644801900000000039e+00
1.645329800000000064e+00
1.645828499999999917e+00
1.646296399999999993e+00
1.646731600000000073e+00
1.647133699999999923e+00
1.647512400000000099e+00
1.647881900000000011e+00
1.648224700000000098e+00
1.648527000000000076e+00
1.648778999999999995e+00
1.648972300000000057e+00
1.649098399999999964e+00
1.649180099999999927e+00
1.649244799999999955e+00
1.649314399999999958e+00
1.649403600000000081e+00
1.649494900000000097e+00
1.649564000000000030e+00
1.649644399999999900e+00
1.649759399999999987e+00
1.649927099999999980e+00
1.650171300000000008e+00
1.650504799999999994e+00
1.650851599999999975e+00
1.651150499999999965e+00
1.651357299999999917e+00
1.651459900000000092e+00
1.651540299999999961e+00
1.651576300000000108e+00
1.651534999999999975e+00
1.651396599999999992e+00
1.651150200000000012e+00
1.650830500000000089e+00
1.650459300000000074e+00
1.650048900000000041e+00
1.649609099999999939e+00
1.649148499999999906e+00
1.648685799999999979e+00
1.648216799999999926e+00
1.647730600000000045e+00
1.647219699999999953e+00
1.646681199999999956e+00
1.646134399999999998e+00
1.645590799999999909e+00
1.645035599999999931e+00
1.644459499999999963e+00
1.643855199999999961e+00
1.643232800000000049e+00
1.642617500000000064e+00
1.641996900000000092e+00
1.641361199999999965e+00
1.640705300000000033e+00
