5.890398547533941288e-07
6.010775304385489458e-07
6.136397290087355077e-07
6.266780578264357430e-07
6.402080367934116946e-07
6.543907577828782136e-07
6.691052121853452446e-07
6.843684375519761416e-07
7.003551836503786338e-07
7.169345645967891205e-07
7.342082017752208524e-07
7.522019369058176764e-07
7.708549142488493152e-07
7.903672764128724140e-07
8.106821679944905074e-07
8.317339789600062061e-07
8.537398915863397595e-07
8.765385835258251175e-07
9.003593267572068374e-07
9.251376498490847053e-07
9.509074219172103661e-07
9.778148016745046086e-07
1.005676084314933651e-06
1.034753935542337943e-06
1.065095873180730506e-06
1.096503295760635368e-06
1.129388423024048934e-06
1.163421520120782960e-06
1.199037728980703573e-06
1.236027316444567031e-06
1.274436156534194564e-06
1.314602092084527162e-06
1.356298460421530354e-06
1.399728860535110307e-06
1.444799802823349102e-06
1.491888008262955635e-06
1.540742038336703166e-06
1.591759775567684696e-06
1.644851729088016928e-06
1.700092325853395477e-06
1.757558201175019250e-06
1.817328310502601338e-06
1.879483905232562553e-06
1.944308891741849585e-06
2.011699863383779803e-06
2.081957031492610453e-06
2.154972037022031125e-06
2.231062238274157182e-06
2.310342878163099620e-06
2.392697740362097518e-06
2.478471824707913646e-06
2.567791078168704650e-06
2.660785393900720287e-06
2.757327020711156181e-06
2.858070026482979150e-06
2.962901827449384858e-06
3.071968864605497804e-06
3.185421892721874333e-06
3.303715074365736615e-06
3.426725447811565383e-06
3.554618072923601486e-06
3.687886636749596309e-06
3.826732113289417662e-06
3.971020222773107780e-06
4.121287920365067864e-06
4.277754934685069386e-06
4.440647865037397968e-06
4.610200248410474259e-06
4.786262205495095241e-06
4.969851898427574873e-06
5.161256327615796875e-06
5.359925852873791030e-06
5.566966488243108413e-06
5.782692007209063020e-06
6.006967929279854882e-06
6.240090978417244904e-06
6.483333039388964656e-06
6.736093519318872828e-06
6.999716699698056572e-06
7.273571765006443464e-06
7.558541411338851409e-06
7.855575875230357024e-06
8.164562553506600815e-06
8.486507206972920749e-06
8.820695950885208740e-06
9.169373075909532638e-06
9.531837279139813133e-06
9.909213570970363296e-06
1.030271068766801927e-05
1.071157465750861357e-05
1.113703022562059235e-05
1.157967112471230233e-05
1.204084938534139735e-05
1.252125451767747130e-05
1.302081657572037400e-05
1.354020549830554237e-05
1.408175851930452400e-05
1.464462560737042336e-05
1.523127749956182253e-05
1.584082296989690859e-05
1.647678952716501659e-05
1.713737471253426114e-05
1.782533892289740661e-05
1.854168765196752768e-05
1.928643748688354043e-05
2.006266907204178057e-05
2.086941414536707147e-05
2.170992900357094821e-05
2.258433370565928269e-05
2.349499580793089183e-05
2.444205039068886223e-05
2.542800234137342403e-05
2.645426419422548827e-05
2.752229070676082349e-05
2.863491225138851848e-05
2.979104587893741525e-05
3.099498069402045264e-05
3.224846664559371471e-05
3.355330685819019992e-05
3.491135909019358648e-05
3.632297603416629234e-05
3.779481322828045635e-05
3.932421628415539892e-05
4.091821869721181266e-05
4.257577007421527632e-05
4.430087397481151379e-05
4.609595779504172225e-05
4.796352137973352344e-05
4.990807009245890665e-05
5.193241006154780432e-05
5.403943137214539021e-05
5.623001997961658924e-05
5.851137121041557191e-05
6.088681199172589828e-05
6.335750574815933152e-05
6.592680297803924980e-05
6.860292941043553993e-05
7.138736300466355916e-05
7.428647799884223555e-05
7.730185796594768758e-05
8.043759140830494011e-05
8.370334234175575469e-05
8.710107570927613373e-05
9.063835581827372535e-05
9.431728413358548679e-05
9.814586323862423513e-05
1.021294530567093742e-04
1.062767657758119806e-04
1.105904528575972707e-04
1.150797357573076055e-04
1.197509038641469774e-04
1.246104322165602729e-04
1.296649856012343182e-04
1.349289178316106065e-04
1.404021936853131240e-04
1.460960350569929719e-04
1.520222954973482455e-04
1.581893213379110456e-04
1.646014315222770364e-04
1.712759121694302968e-04
1.782177037384808922e-04
1.854408019375804011e-04
1.929552134408006494e-04
2.007712352212219281e-04
2.089044729158407289e-04
2.173610831075869555e-04
2.261628454173081478e-04
2.353167192838154871e-04
2.448350132992965561e-04
2.547361003236685165e-04
2.650393199667395810e-04
2.757469526945305772e-04
2.868913265877271867e-04
2.984753910070314718e-04
3.105272559246560911e-04
3.230567743262935192e-04
3.360872913017641734e-04
3.496433400242497636e-04
3.637289989972678416e-04
3.783770310870955165e-04
3.936146371533726812e-04
4.094469199826619331e-04
4.259100183395468880e-04
4.430258288617213314e-04
4.608253147879899929e-04
4.793149398996306176e-04
4.985355965154073107e-04
5.185215286940289634e-04
5.392805211416500707e-04
5.608575936668705464e-04
5.832807153105467289e-04
6.065786262387174365e-04
6.307912247907277109e-04
6.559389725483218310e-04
6.820639090914232391e-04
7.092100452127915672e-04
7.373888837503806640e-04
7.666695053365021233e-04
7.970770503826033479e-04
8.286364047331320993e-04
8.614231169403083980e-04
8.954522513812158968e-04
9.307640642168962808e-04
9.674410820721215422e-04
1.005486481535023107e-03
1.044972567262134316e-03
1.085946014304879506e-03
1.128439446473584410e-03
1.172531878687602157e-03
1.218258696176248868e-03
1.265671299508000763e-03
1.314839096329641684e-03
1.365817225989253208e-03
1.418644478395135293e-03
1.473413455484416700e-03
1.530147527923294637e-03
1.588924740492400492e-03
1.649806857307283730e-03
1.712857048440300086e-03
1.778160266783681501e-03
1.845742137615126151e-03
1.915711377956879615e-03
1.988116410797341731e-03
2.063005012122047857e-03
2.140470239418894652e-03
2.220608839836378176e-03
2.303424717645585849e-03
2.389064659659706404e-03
2.477532075496039279e-03
2.568954210492250395e-03
2.663385085338569429e-03
2.760904845544981476e-03
2.861567363141331432e-03
2.965453736143156688e-03
3.072646469582422917e-03
3.183229433774528976e-03
3.297257579281978341e-03
3.414815494773325039e-03
3.535989119222497992e-03
3.660800805202789939e-03
3.789401127426677250e-03
3.921812110599599138e-03
4.058120449734485893e-03
4.198378556460317067e-03
4.342673156842054988e-03
4.491092043232692947e-03
4.643686441755091876e-03
4.800505362119502836e-03
4.961674320417355094e-03
5.127202561362891910e-03
5.297134653067107554e-03
5.471638023775488545e-03
5.650674559834275787e-03
5.834327007753680773e-03
6.022678923396332547e-03
6.215814603379333537e-03
6.413726640466323875e-03
6.616495095704438313e-03
6.824152578944274461e-03
7.036826375581107379e-03
7.254448704801661624e-03
7.477194621004904125e-03
7.705040329405825339e-03
7.938060093689584124e-03
8.176274850108805267e-03
8.419701798729717704e-03
8.668465607398067804e-03
8.922525259909009840e-03
9.182004751049806235e-03
9.446856423698475613e-03
9.717143604178855518e-03
9.992929783651375783e-03
1.027427845224042693e-02
1.056106488029765617e-02
1.085353416467271619e-02
1.115155526643386505e-02
1.145524770083178323e-02
1.176453419021939242e-02
1.207960075754352727e-02
1.240029657211393251e-02
1.272680812683797333e-02
1.305904572545996296e-02
1.339705502518401259e-02
1.374095489667308267e-02
1.409064492366727053e-02
1.444616657768988711e-02
1.480763780754170561e-02
1.517494712625938602e-02
1.554813152718447118e-02
1.592730784597262694e-02
1.631243459054186606e-02
1.670354794962872549e-02
1.710059979717269002e-02
1.750370644216708849e-02
1.791281702546114810e-02
1.832796227350620699e-02
1.874908447417242968e-02
1.917638874900172430e-02
1.960972754171863910e-02
2.004912632811252024e-02
2.049470309801104326e-02
2.094639234764216970e-02
2.140421845593264497e-02
2.186810878051857754e-02
2.233827830030319511e-02
2.281455631788879487e-02
2.329716157279330263e-02
2.378581677918925261e-02
2.428084294307782456e-02
2.478205835976908175e-02
2.528947995017404374e-02
2.580323045858841022e-02
2.632322285640026696e-02
2.684947288380232916e-02
2.738210540091394474e-02
2.792102848288807379e-02
2.846636875779302508e-02
2.901803091540880800e-02
2.957602877048757378e-02
3.014037541866156772e-02
3.071120020568895645e-02
3.128840165547925461e-02
3.187211064884474393e-02
3.246222240563358119e-02
3.305874797675643906e-02
3.366182059791908432e-02
3.427145455577143562e-02
3.488753843895067708e-02
3.551008146773126928e-02
3.613934761825429026e-02
3.677509590046363491e-02
3.741746428122515178e-02
3.806633337266668998e-02
3.872197460712429457e-02
3.938426948729032567e-02
4.005309366154332501e-02
4.072872459699119346e-02
4.141117601199909709e-02
4.210018428562119913e-02
4.279603281876592086e-02
4.349873396208363968e-02
4.420815753178808372e-02
4.492445396284496656e-02
4.564763404444529410e-02
4.637770818463445022e-02
4.711468641417664027e-02
4.785857831669563384e-02
4.860954209280052285e-02
4.936744023502199347e-02
5.013243250532067180e-02
5.090437795169705515e-02
5.168343807555504654e-02
5.246962385912621457e-02
5.326294581413752727e-02
5.406341423495278353e-02
5.487119709247355315e-02
5.568614796189958610e-02
5.650843678512247614e-02
5.733791363536856062e-02
5.817474945054387780e-02
5.901895569760181454e-02
5.987070921877287594e-02
6.072969100931165098e-02
6.159641078479249909e-02
6.247037900754875972e-02
6.335211145333696781e-02
6.424128205962634230e-02
6.513824415963137549e-02
6.604266554085110041e-02
6.695490378353040339e-02
6.787497313640428187e-02
6.880271078659358497e-02
6.973830472737865827e-02
7.068176799831943358e-02
7.163311341219667783e-02
7.259253476556769280e-02
7.355986465589774148e-02
7.453529828474127206e-02
7.551885020804911808e-02
7.651053445348492132e-02
7.751036413658669855e-02
7.851854100700088324e-02
7.953508140796787529e-02
8.055980988310820767e-02
8.159292940224316393e-02
8.263464810235540692e-02
8.368478938969656222e-02
8.474336627345226136e-02
8.581078475827308427e-02
8.688666922660659431e-02
8.797142904269338037e-02
8.906488249508801025e-02
9.016724495151859364e-02
9.127853392262338939e-02
9.239876604696113660e-02
9.352816190763252324e-02
9.466632933429774965e-02
9.581389898111183911e-02
9.697068489056417939e-02
9.813670422776263336e-02
9.931197319062222417e-02
1.004967182874154097e-01
1.016909585020566859e-01
1.028947113784795669e-01
1.041082089862461896e-01
1.053312560429015970e-01
1.065640843281421141e-01
1.078069305670925626e-01
1.090593789548224418e-01
1.103221014332325112e-01
1.115946806066491215e-01
1.128773532258900980e-01
1.141703606139922444e-01
1.154734998191262602e-01
1.167870118840307059e-01
1.181111427456326968e-01
1.194454600348243689e-01
1.207906614912880594e-01
1.221463128350527977e-01
1.235128899186939688e-01
1.248899520160358101e-01
1.262782091309668231e-01
1.276774519402806285e-01
1.290874645776098339e-01
1.305089667236802031e-01
1.319415103571518755e-01
1.333853478694096706e-01
1.348404968777742186e-01
1.363072146539390794e-01
1.377855203009029639e-01
1.392754323744241907e-01
1.407769677831236521e-01
1.422903855103133941e-01
1.438154597068646845e-01
1.453526938530211865e-01
1.469018610721273266e-01
1.484629756600821249e-01
1.500365467150436838e-01
1.516220955616854049e-01
1.532201320035631309e-01
1.548304213482472602e-01
1.564532258158957134e-01
1.580885591223203379e-01
1.597364324289757553e-01
1.613971108241548380e-01
1.630706068233825079e-01
1.647566745407129940e-01
1.664558339241385410e-01
1.681678383336784877e-01
1.698926933272704998e-01
1.716306627445209898e-01
1.733817528470131819e-01
1.751459683427084857e-01
1.769235745323350928e-01
1.787143128781651935e-01
1.805181822824070415e-01
1.823354451672750121e-01
1.841663675531760025e-01
1.860104164720047804e-01
1.878678515895095824e-01
1.897389353511785559e-01
1.916233935237336705e-01
1.935212172146119070e-01
1.954326650489585093e-01
1.973577277473530511e-01
1.992963933323090575e-01
2.012486486069192115e-01
2.032142042929287740e-01
2.051933141319760290e-01
2.071859585316514207e-01
2.091921169575663708e-01
2.112117660556931953e-01
2.132448809122792499e-01
2.152914346292401637e-01
2.173511199190235887e-01
2.194244609506300625e-01
2.215108687635810591e-01
2.236103052434707250e-01
2.257230116286869648e-01
2.278489501100607884e-01
2.299875140890134673e-01
2.321392225197732306e-01
2.343037468269513479e-01
2.364807537135172888e-01
2.386704741897484328e-01
2.408728557347351584e-01
2.430872711951256593e-01
2.453142321117489921e-01
2.475531059276559753e-01
2.498041149245512627e-01
2.520669065439203882e-01
2.543414118180151173e-01
2.566275607708098372e-01
2.589249912650883889e-01
2.612336271788851527e-01
2.635533911240343641e-01
2.658839123632065204e-01
2.682253997903001341e-01
2.705771879608089292e-01
2.729391869554345096e-01
2.753116011459139090e-01
2.776937561608360250e-01
2.800855566096823734e-01
2.824872012535923349e-01
2.848977129157480026e-01
2.873175784370454733e-01
2.897464035344553546e-01
2.921840867499541083e-01
2.946299336727436491e-01
2.970841299205539965e-01
2.995465688363566636e-01
3.020165488759982697e-01
3.044942535373130754e-01
3.069795708489477248e-01
3.094714975637864462e-01
3.119708042786887847e-01
3.144764870296770654e-01
3.169884252709139760e-01
3.195067951236327808e-01
3.220308829862132960e-01
3.245608642812156108e-01
3.270960224851287568e-01
3.296362322765921116e-01
3.321813695009093181e-01
3.347313100302788946e-01
3.372856316528489717e-01
3.398439108189241220e-01
3.424063187982036571e-01
3.449721340293875338e-01
3.475412295859875988e-01
3.501137745176665650e-01
3.526890489260831596e-01
3.552672221362289107e-01
3.578475740886734036e-01
3.604302732433295464e-01
3.630148970497664163e-01
3.656013181398567458e-01
3.681891148585218487e-01
3.707781601164787944e-01
3.733683303132002140e-01
3.759595013995502000e-01
3.785512543748847381e-01
3.811434665757351681e-01
3.837357193024017454e-01
3.863281854717859898e-01
3.889201539047754674e-01
3.915120933384302337e-01
3.941030011593218974e-01
3.966936399709037886e-01
3.992827175297053444e-01
4.018709946909023722e-01
4.044577710501917611e-01
4.070429294966010358e-01
4.096266489663679122e-01
4.122082318317848437e-01
4.147875655330502953e-01
4.173648294239346024e-01
4.199396230935565355e-01
4.225118373769330971e-01
4.250813649972084440e-01
4.276478098715563170e-01
4.302110654923574362e-01
4.327713170979633484e-01
4.353278849641316062e-01
4.378812433945828420e-01
4.404307185185988849e-01
4.429762100500866384e-01
4.455179064986722892e-01
4.480557124992188278e-01
4.505889626764085221e-01
4.531178473406565210e-01
4.556425590488525357e-01
4.581624384583265486e-01
4.606776782987753172e-01
4.631884722233037266e-01
4.656941691320774512e-01
4.681949622196682759e-01
4.706910460248939776e-01
4.731823352040041009e-01
4.756684646266093885e-01
4.781499068551254839e-01
4.806262993956813556e-01
4.830981117538003522e-01
4.855649837017983472e-01
4.880276555317816789e-01
4.904857675845584186e-01
4.929395065485621674e-01
4.953893309649021193e-01
4.978351515117048764e-01
5.002776926601957275e-01
5.027168607071167417e-01
5.051528297700472736e-01
5.075860412962313051e-01
5.100169320279358542e-01
5.124456667051220382e-01
5.148721384338206253e-01
5.172973053446299208e-01
5.197205240061768539e-01
5.221424771578702106e-01
5.245633143093412221e-01
5.269826574938877295e-01
5.294006539553285373e-01
5.318171891468507217e-01
5.342318874674129026e-01
5.366446378360807401e-01
5.390548131924635111e-01
5.414620506523161181e-01
5.438659932182884349e-01
5.462657780196495949e-01
5.486605505321018317e-01
5.510499772150218023e-01
5.534329699566544747e-01
5.558089596786751629e-01
5.581773887815776325e-01
5.605372045177703377e-01
5.628881198722064383e-01
5.652291057940611596e-01
5.675598925370199943e-01
5.698799689519239431e-01
5.721888317872102503e-01
5.744859862086628688e-01
5.767716783639734723e-01
5.790451807256995487e-01
5.813065019698399061e-01
5.835556529729526432e-01
5.857926472758885339e-01
5.880174990426918491e-01
5.902302233305822821e-01
5.924305980202649868e-01
5.946193525445243599e-01
5.967960290234399778e-01
5.989611145121016555e-01
6.011146250847310135e-01
6.032570419431136921e-01
6.053881464231145593e-01
6.075081832421354022e-01
6.096176266657120646e-01
6.117162583256330333e-01
6.138043173888266812e-01
6.158822691964301876e-01
6.179498959998697138e-01
6.200076580060790432e-01
6.220555619219847454e-01
6.240936146820798003e-01
6.261220456706253490e-01
6.281408604110331195e-01
6.301505068144069854e-01
6.321505482000514542e-01
6.341416476954689907e-01
6.361235907232130060e-01
6.380963805800048405e-01
6.400602377295117051e-01
6.420153803304626816e-01
6.439615975839378947e-01
6.458988926325188729e-01
6.478276963431596203e-01
6.497477990717274166e-01
6.516594171052879636e-01
6.535623439333675400e-01
6.554567935810432511e-01
6.573427702152985219e-01
6.592202780139815310e-01
6.610895277886437160e-01
6.629503192470445061e-01
6.648028618000064727e-01
6.666471603371548760e-01
6.684830187109167543e-01
6.703106439767032576e-01
6.721302417807114571e-01
6.739416191331430994e-01
6.757447820996298482e-01
6.775397384239000287e-01
6.793266916138932521e-01
6.811054537831278122e-01
6.828762268587803552e-01
6.846388253954649450e-01
6.863934513220233402e-01
6.881401127752093672e-01
6.898786281636858364e-01
6.916091972449234238e-01
6.933320184447174794e-01
6.950467259129968767e-01
6.967535171321581622e-01
6.984524031289313095e-01
7.001433950395642425e-01
7.018265041311817498e-01
7.035017425261261836e-01
7.051691224645927347e-01
7.068288376885939472e-01
7.084805394449331661e-01
7.101246007235381130e-01
7.117608562253420201e-01
7.133893196382383728e-01
7.150101826339763100e-01
7.166232827011018713e-01
7.182286354109208570e-01
7.198262558543467859e-01
7.214163332484742064e-01
7.229988824023153571e-01
7.245735764877349050e-01
7.261407739751734036e-01
7.277004905181971850e-01
7.292525738616675302e-01
7.307972096443691168e-01
7.323342477216091551e-01
7.338637061526791516e-01
7.353859337858937861e-01
7.369006188725946149e-01
7.384077799324024749e-01
7.399075990925677582e-01
7.414000948553340908e-01
7.428852866234535446e-01
7.443630335247073404e-01
7.458335154832135272e-01
7.472965942980094312e-01
7.487526058408460194e-01
7.502012558859760816e-01
7.516427217106154135e-01
7.530770233094985500e-01
7.545041817691581221e-01
7.559242175496044824e-01
7.573369991713173599e-01
7.587428515127520035e-01
7.601414936758843499e-01
7.615332472182447798e-01
7.629178347662126658e-01
7.642954270775806913e-01
7.656661928941017603e-01
7.670298605527787750e-01
7.683867438527253180e-01
7.697367192688649995e-01
7.710798091378627817e-01
7.724158918913737182e-01
7.737454190890994399e-01
7.750679854811903802e-01
7.763837559316252301e-01
7.776928932423239349e-01
7.789952797911865456e-01
7.802909384983273133e-01
7.815800302310620395e-01
7.828624400320347565e-01
7.841381912600634552e-01
7.854074422588636084e-01
7.866700805892815618e-01
7.879262639490214326e-01
7.891757476784595493e-01
7.904189543961306352e-01
7.916556418542728402e-01
7.928859647220457552e-01
7.941098150600977013e-01
7.953272173504696285e-01
7.965383233247071981e-01
7.977437912676196285e-01
7.989430010064904053e-01
8.001329671772808849e-01
8.013090286520619943e-01
8.024719595929076243e-01
8.036300343288673709e-01
8.047903633102539978e-01
8.059512413234184436e-01
8.071077331805225352e-01
8.082575443117910874e-01
8.094009480937925938e-01
8.105384507862215537e-01
8.116698357586807910e-01
8.127953639895851845e-01
8.139149406181931390e-01
8.150285890364392660e-01
8.161363329322567362e-01
8.172383120657561451e-01
8.183344334278370713e-01
8.194247207899717500e-01
8.205091976566567524e-01
8.215880011086091894e-01
8.226610409642466371e-01
8.237284526151024133e-01
8.247901470724985362e-01
8.258461480034390290e-01
8.268965888738333270e-01
8.279414920970766811e-01
8.289807709758312271e-01
8.300145572937706051e-01
8.310428734203731960e-01
8.320656348414843251e-01
8.330829709535091387e-01
8.340949039992653358e-01
8.351013512299533259e-01
8.361025444498320081e-01
8.370982976070190373e-01
8.380887366114601056e-01
8.390738838108011688e-01
8.400538632717047260e-01
8.410284934789691302e-01
8.419978977703148626e-01
8.429620986209519495e-01
8.439212170940633140e-01
8.448751755058366841e-01
8.458238974149191458e-01
8.467676009297996353e-01
8.477063068026311488e-01
8.486398430406377758e-01
8.495684238013015976e-01
8.504919744962222694e-01
8.514106117144556451e-01
8.523242619197417547e-01
8.532330401728702718e-01
8.541368743208458403e-01
8.550357857172264930e-01
8.559298875179605082e-01
8.568192006118152682e-01
8.577036545292101577e-01
8.585833608407871242e-01
8.594583401425097691e-01
8.603285240927480704e-01
8.611940219789330220e-01
8.620548543636876726e-01
8.629109543314952280e-01
8.637624297157915354e-01
8.646093008610746811e-01
8.654515880007782602e-01
8.662893115729256577e-01
8.671224916974987762e-01
8.679510645502246380e-01
8.687752187678278171e-01
8.695948072804673412e-01
8.704099343678998180e-01
8.712207024114225762e-01
8.720269673483513895e-01
8.728288315973826705e-01
8.736263151046643749e-01
8.744194381774987868e-01
8.752082207918036039e-01
8.759926830229598504e-01
8.767728448397356100e-01
8.775487262436474367e-01
8.783203469089468918e-01
8.790877268751097207e-01
8.798508089097551998e-01
8.806097663933869502e-01
8.813645423883960106e-01
8.821151564449553062e-01
8.828615532055145154e-01
8.836039019613087797e-01
8.843421473608681360e-01
8.850762355032000261e-01
8.858063325690851419e-01
8.865323120389311251e-01
8.872542660484108445e-01
8.879722136466948745e-01
8.886861742607429226e-01
8.893961669929674185e-01
8.901022110413047139e-01
8.908042557116964133e-01
8.915023899725612599e-01
8.921965639986043639e-01
8.928869351907023910e-01
8.935733851692401197e-01
8.942559335987221303e-01
8.949346676286391578e-01
8.956095394039327307e-01
8.962806348433597359e-01
8.969479071577399765e-01
8.976114413498261779e-01
8.982711256290267787e-01
8.989271100789448798e-01
8.995793489591402681e-01
9.002278618354606632e-01
9.008726680197493009e-01
9.015137872032126243e-01
9.021512386320867938e-01
9.027850415660220174e-01
9.034152154498730214e-01
9.040417178237484253e-01
9.046646297717677587e-01
9.052839097140989999e-01
9.058996379852508607e-01
9.065117735490155759e-01
9.071203961369354030e-01
9.077254653268809204e-01
9.083270011810333777e-01
9.089250234639887349e-01
9.095195517554057751e-01
9.101106060327819325e-01
9.106982057392718488e-01
9.112823705982722178e-01
9.118630633190304424e-01
9.124403602677588765e-01
9.130142809967798367e-01
9.135847890696299212e-01
9.141519043225423413e-01
9.147157016484597225e-01
9.152761455833005044e-01
9.158332014256401754e-01
9.163869972630456218e-01
9.169374985454047389e-01
9.174847247286314067e-01
9.180286423983319288e-01
9.185693239581450564e-01
9.191067887438810757e-01
9.196410039917195522e-01
9.201720411093911034e-01
9.206998678477790188e-01
9.212245036849640023e-01
9.217459679067400158e-01
9.222643303035797935e-01
9.227795595506788073e-01
9.232916252511059740e-01
9.238005963299567025e-01
9.243065409741512140e-01
9.248093312580597525e-01
9.253091327078337702e-01
9.258058671622030333e-01
9.262995540976687314e-01
9.267902601969938425e-01
9.272779567514290999e-01
9.277626630105436645e-01
9.282444445115800580e-01
9.287232271224414859e-01
9.291990760672796945e-01
9.296720101900776134e-01
9.301420483187885502e-01
9.306091637365314639e-01
9.310734203372644791e-01
9.315348367581610667e-01
9.319933869083517619e-01
9.324490894945738351e-01
9.329019632910175996e-01
9.333520703178882494e-01
9.337993855564920009e-01
9.342438842435502044e-01
9.346856708597128804e-01
9.351246781743351999e-01
9.355609671328912746e-01
9.359945556953657153e-01
9.364254619943344071e-01
9.368536211257710855e-01
9.372791754665753539e-01
9.377020197867403928e-01
9.381222539612658062e-01
9.385398150192230116e-01
9.389548015872265507e-01
9.393671913856246336e-01
9.397769626746699245e-01
9.401842122103262200e-01
9.405888400591932985e-01
9.409909811483688769e-01
9.413905753702346280e-01
9.417876405300239506e-01
9.421821942494129631e-01
9.425742920383054502e-01
9.429639134178292581e-01
9.433510383846157588e-01
9.437357218281483551e-01
9.441179811057723859e-01
9.444978331900578672e-01
9.448752588497486560e-01
9.452503116634595193e-01
9.456229363675611177e-01
9.459932221853847301e-01
9.463611504263855778e-01
9.467267379686495898e-01
9.470899666916314796e-01
9.474508886399281016e-01
9.478094858500357711e-01
9.481658098928703593e-01
9.485198088324969801e-01
9.488715680206969427e-01
9.492210362317639039e-01
9.495682642843551458e-01
9.499132354651850241e-01
9.502559665799824584e-01
9.505964745333367327e-01
9.509347761278128530e-01
9.512708881207097011e-01
9.516047946237472521e-01
9.519365125388121740e-01
9.522660906606686959e-01
9.525934816418387685e-01
9.529187340193023825e-01
9.532418328958544018e-01
9.535628263439842600e-01
9.538816684334796570e-01
9.541984068975886135e-01
9.545130582092026250e-01
9.548256387175529936e-01
9.551361040237390521e-01
9.554445311816577302e-01
9.557508763249908945e-01
9.560551857579596691e-01
9.563574461009701766e-01
9.566576737329745006e-01
9.569558557981463487e-01
9.572520379542768243e-01
9.575462075816697505e-01
9.578383523793249088e-01
9.581285176947422766e-01
9.584166629614818689e-01
9.587028333528319068e-01
9.589870454801229238e-01
9.592692600296458538e-01
9.595494940132842654e-01
9.598277919975124473e-01
9.601041158185498192e-01
9.603784825237069445e-01
9.606509091857274862e-01
9.609214129006545813e-01
9.611899837019562964e-01
9.614566120892288348e-01
9.617213418610882636e-01
9.619841636499852910e-01
9.622450945309738435e-01
9.625041514887797689e-01
9.627613255293832051e-01
9.630166078419354347e-01
9.632700668548780376e-01
9.635216935921775416e-01
9.637714539372035372e-01
9.640194153849749314e-01
9.642655692728714367e-01
9.645099321872364628e-01
9.647524710200722220e-01
9.649932519895288996e-01
9.652322424908774678e-01
9.654694592712514956e-01
9.657049191095753438e-01
9.659385905658984806e-01
9.661704908840778039e-01
9.664006134522393765e-01
9.666289760639590334e-01
9.668555492372281623e-01
9.670803510634951028e-01
9.673033528613552701e-01
9.675245963677661099e-01
9.677440310339839868e-01
9.679616990916669605e-01
9.681775965231975700e-01
9.683916743197789057e-01
9.686039752596532493e-01
9.688144738041670756e-01
9.690231670860999236e-01
9.692300533953358554e-01
9.694351098945089840e-01
9.696383797705269147e-01
9.698397950592242411e-01
9.700393990942286493e-01
9.702371710155517359e-01
9.704330685972062387e-01
9.706271137341548894e-01
9.708192638258545948e-01
9.710095209070904732e-01
9.711979088470213961e-01
9.713844288869251109e-01
9.715689974427840214e-01
9.717516377424423313e-01
9.719322701209371917e-01
9.721108986574049649e-01
9.722882056386538130e-01
9.724652323369317175e-01
9.726419726636503782e-01
9.728179274733165238e-01
9.729929764219824584e-01
9.731671626016679122e-01
9.733404478281962868e-01
9.735128547275820887e-01
9.736843656931498669e-01
9.738550031396504547e-01
9.740247695367955094e-01
9.741936475259016515e-01
9.743616396216362441e-01
9.745287681145099468e-01
9.746950158624861915e-01
9.748604050178609759e-01
9.750249186691036796e-01
9.751885594514312361e-01
9.753513299705022233e-01
9.755132329254158075e-01
9.756742900732142676e-01
9.758344658918632897e-01
9.759937821468487318e-01
9.761522604036317885e-01
9.763098656342603654e-01
9.764666193642179692e-01
9.766225242651123128e-01
9.767775645050401634e-01
9.769317798293700728e-01
9.770851359020965576e-01
9.772376355849409224e-01
9.773892999380494606e-01
9.775401316062175550e-01
9.776901152262534866e-01
9.778392716520645234e-01
9.779875856704595138e-01
9.781350601393622446e-01
9.782817156573754280e-01
9.784275372768264090e-01
9.785725278839032537e-01
9.787166903286963482e-01
9.788600274925953748e-01
9.790025596586496848e-01
9.791442549604674195e-01
9.792851336072574409e-01
9.794252157691554217e-01
9.795644699240847464e-01
9.797029161967172328e-01
9.798405574769629700e-01
9.799773966743188236e-01
9.801134198934670083e-01
9.802486469443821848e-01
9.803830807455836682e-01
9.805167076112292213e-01
9.806495305789052486e-01
9.807815856382096076e-01
9.809128264496418392e-01
9.810432888187053946e-01
9.811729756458836826e-01
9.813018736730456659e-01
9.814299858967102663e-01
9.815573153498741155e-01
9.816838650527746069e-01
9.818096539191593086e-01
9.819346690660581967e-01
9.820589135226206468e-01
9.821823746716183967e-01
9.823050868949156911e-01
9.824270375694860169e-01
9.825482297858816327e-01
9.826686512325936151e-01
9.827883203875477092e-01
9.829072403360225030e-01
9.830254141182668270e-01
9.831428448376204887e-01
9.832595205167369290e-01
9.833754443761296704e-01
9.834906494010774436e-01
9.836050940727562031e-01
9.837188112233716808e-01
9.838318039367524026e-01
9.839440606910537790e-01
9.840555846937157902e-01
9.841663936344271502e-01
9.842764761645284022e-01
9.843858355263729321e-01
9.844944891495946981e-01
9.846024117571356982e-01
9.847096349311504904e-01
9.848161336382691422e-01
9.849219391710890559e-01
9.850270267870712138e-01
9.851314274996356701e-01
9.852351167757059658e-01
9.853381116152470920e-01
9.854404288336431339e-01
9.855420306952932252e-01
9.856429611749789599e-01
9.857431963624603277e-01
9.858427529497918451e-01
9.859416340882012353e-01
9.860398296932785245e-01
9.861373562620796562e-01
9.862342038131219901e-01
9.863303887120647984e-01
9.864259011302034530e-01
9.865207443737863402e-01
9.866149345875663279e-01
9.867084621375398212e-01
9.868013430496861416e-01
9.868935678102254139e-01
9.869851396966825563e-01
9.870760619765572841e-01
9.871663379416655282e-01
9.872559708378746413e-01
9.873449639221487661e-01
9.874333327717044195e-01
9.875210560080669442e-01
9.876081491169492743e-01
9.876946153090400138e-01
9.877804577903895877e-01
9.878656797710831938e-01
9.879502725280314701e-01
9.880342512300015478e-01
9.881176190775241563e-01
9.882003792685053467e-01
9.882825233031768963e-01
9.883640661003281203e-01
9.884449992588836276e-01
9.885253375914034857e-01
9.886050842655105253e-01
9.886842310709061943e-01
9.887627812571798680e-01
9.888407493803912374e-01
9.889181273854225074e-01
9.889949185097324236e-01
9.890711370769604827e-01
9.891467752083286102e-01
9.892218361422545625e-01
9.892963340073985812e-01
9.893702610920760421e-01
9.894436097798267049e-01
9.895164048560992631e-01
9.895886386982178928e-01
9.896603144671126673e-01
9.897314458968248241e-01
9.898020150227374581e-01
9.898720355401128268e-01
9.899415105999416209e-01
9.900104433551462080e-01
9.900788369178287196e-01
9.901466841908741490e-01
9.902140087336773755e-01
9.902807933505303195e-01
9.903470512921830338e-01
9.904127856503895933e-01
9.904779995427829276e-01
9.905426861480925993e-01
9.906068584782239395e-01
9.906705195957079546e-01
9.907336628351710583e-01
9.907963009949782851e-01
9.908584274516674117e-01
9.909200548726276869e-01
9.909811862725762532e-01
9.910418151733095815e-01
9.911019540633635438e-01
9.911615965616052959e-01
9.912207457475386008e-01
9.912794139219319733e-01
9.913376040739565465e-01
9.913953099801682267e-01
9.914525346857508969e-01
9.915092902878460679e-01
9.915655706944824788e-01
9.916213789374398457e-01
9.916767269020656528e-01
9.917316086588302548e-01
9.917860271853680132e-01
9.918399942210457398e-01
9.918935039410957666e-01
9.919465592784618702e-01
9.919991631585470815e-01
9.920513270244942783e-01
9.921030452246314413e-01
9.921543122042568719e-01
9.922051561460539792e-01
9.922555547193163683e-01
9.923055192001165592e-01
9.923550607019857583e-01
9.924041737972094657e-01
9.924528531840364209e-01
9.925011179855224297e-01
9.925489629113684042e-01
9.925963907706037981e-01
9.926434043752341285e-01
9.926900065162128639e-01
9.927362078502723897e-01
9.927819954353952481e-01
9.928273798814242213e-01
9.928723639520057320e-01
9.929169580657065675e-01
9.929611495935031229e-01
9.930049489006026464e-01
9.930483586638093607e-01
9.930913815438265901e-01
9.931340276341403817e-01
9.931762846921993182e-01
9.932181627969940418e-01
9.932596645846597516e-01
9.933007926721189040e-01
9.933415496704930403e-01
9.933819381787338809e-01
9.934219607924813511e-01
9.934616200976998934e-01
9.935009186714853779e-01
9.935398590730991630e-01
9.935784438643272543e-01
9.936166686574074980e-01
9.936545498457592940e-01
9.936920830293390905e-01
9.937292639128976202e-01
9.937661086021247758e-01
9.938026060828287767e-01
9.938387655859771685e-01
9.938745962269418532e-01
9.939100871817044824e-01
9.939452475197042558e-01
9.939800796409459238e-01
9.940145924036513092e-01
9.940487752414705058e-01
9.940826370007954660e-01
9.941161800391419279e-01
9.941494067161494863e-01
9.941823193616918797e-01
9.942149203153436421e-01
9.942472119030992816e-01
9.942791964313754116e-01
9.943108762108457954e-01
9.943422474409315814e-01
9.943733245715611346e-01
9.944041097952502906e-01
9.944345933730017739e-01
9.944647835487117060e-01
9.944946825644837007e-01
9.945242926484421098e-01
9.945536218244640514e-01
9.945826606722376617e-01
9.946114229469544821e-01
9.946398993341993844e-01
9.946681034176196867e-01
9.946960316554708248e-01
9.947236861980571776e-01
9.947510691798058247e-01
9.947781882303666778e-01
9.948050343830807662e-01
9.948316206826227637e-01
9.948579437062289310e-01
9.948840108919690950e-01
9.949098135065904680e-01
9.949353642922236229e-01
9.949606599248159711e-01
9.949857076806843947e-01
9.950105042962720248e-01
9.950350517698981490e-01
9.950593520967118133e-01
9.950834123754830340e-01
9.951072294359418757e-01
9.951308102909816045e-01
9.951541518098070416e-01
9.951772559296526710e-01
9.952001295388516189e-01
9.952227744959131206e-01
9.952451877577535022e-01
9.952673712271389306e-01
9.952893316108826216e-01
9.953110707254241296e-01
9.953325856161406859e-01
9.953538781376706224e-01
9.953749595261134342e-01
9.953958175025708899e-01
9.954164678471886241e-01
9.954369030532973506e-01
9.954571294858984842e-01
9.954771443428955813e-01
9.954969538904495652e-01
9.955165598134817495e-01
9.955359637957112984e-01
9.955551675014777668e-01
9.955741682080613275e-01
9.955929719851817072e-01
9.956115804825551585e-01
9.956299910286775523e-01
9.956482138662404724e-01
9.956662463143729491e-01
9.956840857661264366e-01
9.957017422574488963e-01
9.957192089995253736e-01
9.957364959036144603e-01
9.957535962761889792e-01
9.957705198918416212e-01
9.957872601517255839e-01
9.958038266871532818e-01
9.958202169632326406e-01
9.958364364538505598e-01
9.958524787201370465e-01
9.958683531280233536e-01
9.958840572186932194e-01
9.958995924632505492e-01
9.959149641577168532e-01
9.959301698978689776e-01
9.959452149089376150e-01
9.959600968234835205e-01
9.959748207986395263e-01
9.959893844967969700e-01
9.960037930061949041e-01
9.960180440226791276e-01
9.960321425689557806e-01
9.960460899778311727e-01
9.960598839935407289e-01
9.960735295326812455e-01
9.960870278885122220e-01
9.961003803417347591e-01
9.961135881619035404e-01
9.961266491590655692e-01
9.961395714954801583e-01
9.961523495578437082e-01
9.961649914087385982e-01
9.961774915096663907e-01
9.961898578091580303e-01
9.962020881651679760e-01
9.962141804963537961e-01
9.962261458627915678e-01
9.962379756297544686e-01
9.962496774769900032e-01
9.962612461408850706e-01
9.962726923827289749e-01
9.962840078149000078e-01
9.962951999176508089e-01
9.963062698031373010e-01
9.963172123957337867e-01
9.963280380814865111e-01
9.963387387445071797e-01
9.963493246135909365e-01
9.963597906937655679e-01
9.963701380758447357e-01
9.963803708128174952e-01
9.963904899411739624e-01
9.964004935735343294e-01
9.964103856820419880e-01
9.964201672856408676e-01
9.964298393972517154e-01
9.964394030280809833e-01
9.964488563559510403e-01
9.964582060171919276e-01
9.964674474021297801e-01
9.964765842875704660e-01
9.964856176488875450e-01
9.964945511726215344e-01
9.965033803817191504e-01
9.965121116278390367e-01
9.965207431604441446e-01
9.965292759165095271e-01
9.965377108311973542e-01
9.965460488212537493e-01
9.965542933719743202e-01
9.965624427736945457e-01
9.965705004585839744e-01
9.965784647445876665e-01
9.965863365091782722e-01
9.965941191185425652e-01
9.966018134037377685e-01
9.966094177306430435e-01
9.966169353981705337e-01
9.966243647966425145e-01
9.966317091743799317e-01
9.966389693356324520e-01
9.966461460775228876e-01
9.966532378408691217e-01
9.966602501144964377e-01
9.966671790085942506e-01
9.966740276325926073e-01
9.966807990392585470e-01
9.966874894220627557e-01
9.966941018205192071e-01
9.967006392196011699e-01
9.967071001116575291e-01
9.967134852335822748e-01
9.967197953180785275e-01
9.967260332617746688e-01
9.967321975901983766e-01
9.967382911376782006e-01
9.967443124434871571e-01
9.967502643013118613e-01
9.967561452729749583e-01
9.967619581140458873e-01
9.967677034687103532e-01
9.967733799287810115e-01
9.967789901926349394e-01
9.967845348902386604e-01
9.967900146499691916e-01
9.967954300939464440e-01
9.968007818401197762e-01
9.968060705022716572e-01
9.968112947459240036e-01
9.968164590626249488e-01
9.968215621107033853e-01
9.968266063874884342e-01
9.968315886834849815e-01
9.968365133635623820e-01
9.968413791282396685e-01
9.968461865596814908e-01
9.968509380666022990e-01
9.968556323792664431e-01
9.968602700625234236e-01
9.968648534727201360e-01
9.968693831420994966e-01
9.968738578338716128e-01
9.968782780984137837e-01
9.968826462189300797e-01
9.968869627001171185e-01
9.968912280426408534e-01
9.968954410428713109e-01
9.968996039061194248e-01
9.969037171243591011e-01
9.969077811851744242e-01
9.969117965733197417e-01
9.969157621349888920e-01
9.969196816218323098e-01
9.969235522624768642e-01
9.969273777524321201e-01
9.969311553620406885e-01
9.969348887309723573e-01
9.969385767345401161e-01
9.969422198312968275e-01
9.969458184764808939e-01
9.969493746473507834e-01
9.969528872449439083e-01
9.969563567022764472e-01
9.969597849469634676e-01
9.969631709011913534e-01
9.969665164616936526e-01
9.969698205687089754e-01
9.969730850911602271e-01
9.969763104225323191e-01
9.969794955258040048e-01
9.969826422269235655e-01
9.969857509095796377e-01
9.969888205602122078e-01
9.969918543454419080e-01
9.969948498716847407e-01
9.969978088938714622e-01
9.970007317796918400e-01
9.970036202356361565e-01
9.970064719379846396e-01
9.970092899043072610e-01
9.970120731531283420e-01
9.970148220309872356e-01
9.970175368830201945e-01
9.970202193331076934e-01
9.970228697024388076e-01
9.970254857858975583e-01
9.970280716946261501e-01
9.970306239962465344e-01
9.970331467391260194e-01
9.970356365400466769e-01
9.970380973813428582e-01
9.970405271352587029e-01
9.970429273143961435e-01
9.970452982156241539e-01
9.970476401345915729e-01
9.970499521952904676e-01
9.970522358651918715e-01
9.970544914331388453e-01
9.970567203264046885e-01
9.970589205457138782e-01
9.970610935086701154e-01
9.970632394919543007e-01
9.970653587692355213e-01
9.970674527101601736e-01
9.970695193937264555e-01
9.970715612686409379e-01
9.970735775151562397e-01
9.970755683996870289e-01
9.970775352421255011e-01
9.970794772421073260e-01
9.970813946575097786e-01
9.970832887721183813e-01
9.970851588000900767e-01
9.970870060054444206e-01
9.970888296161427578e-01
9.970906308764954096e-01
9.970924090266423123e-01
9.970941652921396781e-01
9.970958998992800471e-01
9.970976121046312146e-01
9.970993031047504784e-01
9.971009731192611580e-01
9.971026223624992468e-01
9.971042510469809717e-01
9.971058593827945016e-01
9.971074475785388636e-01
9.971090158415304439e-01
9.971105643770926674e-01
9.971120933890724736e-01
9.971136030800439309e-01
9.971150945353915995e-01
9.971165661831323801e-01
9.971180199776269459e-01
9.971194560996587963e-01
9.971208738698593699e-01
9.971222734761990836e-01
9.971236559492896445e-01
9.971250206237199931e-01
9.971263685138643806e-01
9.971276997890715643e-01
9.971290138002500969e-01
9.971303115374468007e-01
9.971315931664234133e-01
9.971328588512149427e-01
9.971341079640033689e-01
9.971353414637004198e-01
9.971365595110790458e-01
9.971377622644337357e-01
9.971389506444156003e-01
9.971401232730536801e-01
9.971412810679899374e-01
9.971424241805052491e-01
9.971435527606160587e-01
9.971446676927595565e-01
9.971457683839256569e-01
9.971468549810607040e-01
9.971479276305784678e-01
9.971489864773418477e-01
9.971500323706002922e-01
9.971510654416647634e-01
9.971520844337463663e-01
9.971530908752102018e-01
9.971540842099673174e-01
9.971550652505941637e-01
9.971560341207353906e-01
9.971569902782300154e-01
9.971579338560114802e-01
9.971588656413916674e-01
9.971597857545538846e-01
9.971606936721474357e-01
9.971615901618595679e-01
9.971624747097833641e-01
9.971633487000776119e-01
9.971642109970411116e-01
9.971650617283481788e-01
9.971659022446475173e-01
9.971667314381249536e-01
9.971675506360634378e-01
9.971683587469267751e-01
9.971691564827676046e-01
9.971699439530947728e-01
9.971707212666671705e-01
9.971714885316290689e-01
9.971722458549748813e-01
9.971729933431157100e-01
9.971737311016657390e-01
9.971744592351016179e-01
9.971751783994086127e-01
9.971758875917365872e-01
9.971765880078864441e-01
9.971772791998458896e-01
9.971779618004394941e-01
9.971786348398233857e-01
9.971792994732050497e-01
9.971799557881148024e-01
9.971806028391769772e-01
9.971812422634983575e-01
9.971818726168664160e-01
9.971824950051245695e-01
9.971831095113320442e-01
9.971837157239020755e-01
9.971843137325077100e-01
9.971849045966316716e-01
9.971854869450135217e-01
9.971860623037360760e-01
9.971866297980341853e-01
9.971871895143116227e-01
9.971877424666537593e-01
9.971882878034635800e-01
9.971888256089359581e-01
9.971893568707045352e-01
9.971898807593627678e-01
9.971903973567171064e-01
9.971909076244450665e-01
9.971914107549498807e-01
9.971919072607723367e-01
9.971923972137965997e-01
9.971928806853248561e-01
9.971933577460334597e-01
9.971938280491037254e-01
9.971942920854520720e-01
9.971947499243379864e-01
9.971952016344011183e-01
9.971956472837995022e-01
9.971960865412702324e-01
9.971965198764002336e-01
9.971969477478596078e-01
9.971973694383222675e-01
9.971977854054766555e-01
9.971981957147302289e-01
9.971986000531054550e-01
9.971989992406095071e-01
9.971993929630482700e-01
9.971997809159192094e-01
9.972001635328425762e-01
9.972005412371203192e-01
9.972009133692395499e-01
9.972012803524289426e-01
9.972016422482551379e-01
9.972019991176185316e-01
9.972023510207367325e-01
9.972026980173356314e-01
9.972030401663617427e-01
9.972033775261334165e-01
9.972037101543644866e-01
9.972040381081067606e-01
9.972043614438567127e-01
9.972046802174170388e-01
9.972049948046741719e-01
9.972053046189971459e-01
9.972056100351222030e-01
9.972059114186614392e-01
9.972062081986654558e-01
9.972065010460300361e-01
9.972067894000933297e-01
9.972070739194232036e-01
9.972073543514804461e-01
9.972076307466672951e-01
9.972079031549059280e-01
9.972081719155180268e-01
9.972084364976604443e-01
9.972086975245763041e-01
9.972089547572488000e-01
9.972092082434578231e-01
9.972094580303467737e-01
9.972097041646307281e-01
9.972099466926342970e-01
9.972101859295097182e-01
9.972104216483799188e-01
9.972106538939287113e-01
9.972108827103353113e-01
9.972111084013166593e-01
9.972113307483092548e-01
9.972115497942418694e-01
9.972117655815300186e-01
9.972119784024804368e-01
9.972121880458075793e-01
9.972123945523300170e-01
9.972125982059107940e-01
9.972127988004628740e-01
9.972129963751827919e-01
9.972131912060967496e-01
9.972133833275246273e-01
9.972135725406465756e-01
9.972137588830009003e-01
9.972139426201878099e-01
9.972141237847833573e-01
9.972143021846522348e-01
9.972144778557893163e-01
9.972146512745386771e-01
9.972148220310900202e-01
9.972149901599675070e-01
9.972151561242281748e-01
9.972153195251476365e-01
9.972154803963352299e-01
9.972156391883646442e-01
9.972157955126265128e-01
9.972159496063610629e-01
9.972161017010552353e-01
9.972162512175647420e-01
9.972163987891508041e-01
9.972165442420554138e-01
9.972166876030533755e-01
9.972168287044489432e-01
9.972169679606288639e-01
9.972171052033144134e-01
9.972172402691401594e-01
9.972173735611616907e-01
9.972175049151889015e-01
9.972176343554215450e-01
9.972177620881275129e-01
9.972178877726725066e-01
9.972180117937541333e-01
9.972181339940834333e-01
9.972182543966003898e-01
9.972183731977750654e-01
9.972184902439442666e-01
9.972186057281058336e-01
9.972187193297384900e-01
9.972188315774525025e-01
9.972189421533761422e-01
9.972190510783176531e-01
9.972191585362163435e-01
9.972192645443100911e-01
9.972193689590403975e-01
9.972194718001815561e-01
9.972195734028671543e-01
9.972196734680894847e-01
9.972197721697529937e-01
9.972198695237892707e-01
9.972199653938899067e-01
9.972200601001253162e-01
9.972201533564784004e-01
9.972202453291307833e-01
9.972203360333284916e-01
9.972204254839993620e-01
9.972205136956264759e-01
9.972206006825888869e-01
9.972206864591786069e-01
9.972207710395611935e-01
9.972208544378068362e-01
9.972209366678437270e-01
9.972210178799153502e-01
9.972210978143186688e-01
9.972211767546771410e-01
9.972212545787894067e-01
9.972213314311944021e-01
9.972214070615081916e-01
9.972214817432764056e-01
9.972215553587311376e-01
9.972216280471696281e-01
9.972216996926185351e-01
9.972217703070356265e-01
9.972218400256530613e-01
9.972219088579694635e-01
9.972219766922584272e-01
9.972220435401009109e-01
9.972221095318610784e-01
9.972221745588760733e-01
9.972222387489124706e-01
9.972223021108770347e-01
9.972223645391333768e-01
9.972224261581572602e-01
9.972224869765862199e-01
9.972225468915790758e-01
9.972226060239823830e-01
9.972226643822338366e-01
9.972227218662754744e-01
9.972227785934852928e-01
9.972228345719297282e-01
9.972228898096223704e-01
9.972229443145377292e-01
9.972229980944277150e-01
9.972230510547459570e-01
9.972231033063445604e-01
9.972231549570922393e-01
9.972232058138500443e-01
9.972232559842142408e-01
9.972233054754779946e-01
9.972233542948698570e-01
9.972234024496003935e-01
9.972234499466692270e-01
9.972234968867350613e-01
9.972235430893601205e-01
9.972235886551602535e-01
9.972236336820093916e-01
9.972236779946961338e-01
9.972237217800252740e-01
9.972237648662898302e-01
9.972238074367337779e-01
9.972238494097598327e-01
9.972238908776049904e-01
9.972239316754235583e-01
9.972239719793273283e-01
9.972240116278036082e-01
9.972240508757491684e-01
9.972240894817089307e-01
9.972241275341229283e-01
9.972241651189421852e-01
9.972242021616400942e-01
9.972242387464804736e-01
9.972242747230642967e-01
9.972243102520153002e-01
9.972243453376297140e-01
9.972243798342022014e-01
9.972244138975542294e-01
9.972244475319042012e-01
9.972244805960260861e-01
9.972245133127880523e-01
9.972245454713121182e-01
9.972245772194512359e-01
9.972246084916008835e-01
9.972246393621246874e-01
9.972246697667349613e-01
9.972246997107785393e-01
9.972247292663015683e-01
9.972247584371837226e-01
9.972247871620979476e-01
9.972248154464098402e-01
9.972248433592725281e-01
9.972248708413588014e-01
9.972248979603604013e-01
9.972249246582673976e-01
9.972249510013453389e-01
9.972249769328428437e-01
9.972250024577462568e-01
9.972250276401314339e-01
9.972250524836167029e-01
9.972250769340136323e-01
9.972251010533698112e-01
9.972251247887322645e-01
9.972251482007364887e-01
9.972251712376002386e-01
9.972251939040257529e-01
9.972252163126849034e-01
9.972252383055989489e-01
9.972252600469123651e-01
9.972252813822310991e-01
9.972253024719145431e-01
9.972253231651108107e-01
9.972253436185626319e-01
9.972253637347396893e-01
9.972253835180682202e-01
9.972254030216907150e-01
9.972254222488807773e-01
9.972254411553626019e-01
9.972254597923784214e-01
9.972254781166763893e-01
9.972254961783022509e-01
9.972255139803274382e-01
9.972255314810335447e-01
9.972255487287082776e-01
9.972255656826009007e-01
9.972255823898542593e-01
9.972255988533688109e-01
9.972256150338846270e-01
9.972256309769026439e-01
9.972256466852531531e-01
9.972256621211191829e-01
9.972256773283796338e-01
9.972256922701268067e-01
9.972257069891919956e-01
9.972257214882693788e-01
9.972257357700213820e-01
9.972257497993833875e-01
9.972257635799293141e-01
9.972257771888506372e-01
9.972257905552809332e-01
9.972258036827936767e-01
9.972258166457615980e-01
9.972258293759563852e-01
9.972258418768388255e-01
9.972258542200287401e-01
9.972258663398561040e-01
9.972258782396711263e-01
9.972258899883978955e-01
9.972259015228075452e-01
9.972259128461120614e-01
9.972259239930634234e-01
9.972259349659939875e-01
9.972259457672103533e-01
9.972259563686232120e-01
9.972259668032592561e-01
9.972259770733479245e-01
9.972259871518599494e-01
9.972259970993777589e-01
9.972260068319114268e-01
9.972260164373184521e-01
9.972260258615613937e-01
9.972260351349072627e-01
9.972260442595065610e-01
9.972260532108344622e-01
9.972260620179660418e-01
9.972260706829331189e-01
9.972260792077266567e-01
9.972260875690571735e-01
9.972260957944618642e-01
9.972261038858526438e-01
9.972261118451172246e-01
9.972261196501790437e-01
9.972261273271351145e-01
9.972261348778027612e-01
9.972261423039661121e-01
9.972261496073696607e-01
9.972261567673653682e-01
9.972261638083315116e-01
9.972261707319475255e-01
9.972261775398775230e-01
9.972261842337648563e-01
9.972261907943575920e-01
9.972261972651476070e-01
9.972262036065999702e-01
9.972262098409744313e-01
9.972262159698828121e-01
9.972262219949038498e-01
9.972262278983596850e-01
9.972262337202378868e-01
9.972262394241098171e-01
9.972262450304160142e-01
9.972262505406129796e-01
9.972262559561377859e-01
9.972262612784056346e-01
9.972262665088127420e-01
9.972262716315469788e-01
9.972262766823432045e-01
9.972262816286344700e-01
9.972262865051505498e-01
9.972262912802321022e-01
9.972262959716251540e-01
9.972263005805844793e-01
9.972263051084025998e-01
9.972263095717198711e-01
9.972263139260192366e-01
9.972263182181295704e-01
9.972263224341632037e-01
9.972263265753308348e-01
9.972263306428196250e-01
9.972263346237274506e-01
9.972263385473314479e-01
9.972263424006867494e-01
9.972263461714268029e-01
9.972263498875683085e-01
9.972263535236296494e-01
9.972263571068173960e-01
9.972263606250846291e-01
9.972263640669303264e-01
9.972263674583892179e-01
9.972263707757820228e-01
9.972263740443868540e-01
9.972263772412301996e-01
9.972263803909143798e-01
9.972263834826441409e-01
9.972263865061126165e-01
9.972263894848369947e-01
9.972263924084696640e-01
9.972263952671369669e-01
9.972263980833085961e-01
9.972264008470758112e-01
9.972264035593005893e-01
9.972264062208292534e-01
9.972264088324943598e-01
9.972264113951134767e-01
9.972264139094975111e-01
9.972264163764473777e-01
9.972264188061663592e-01
9.972264211805904610e-01
9.972264235098938778e-01
9.972264258038162632e-01
9.972264280451028640e-01
9.972264302522394486e-01
9.972264324171300487e-01
9.972264345405196240e-01
9.972264366231344823e-01
9.972264386656864987e-01
9.972264406688706728e-01
9.972264426333681264e-01
9.972264445676797262e-01
9.972264464568052489e-01
9.972264483168228333e-01
9.972264501331892239e-01
9.972264519214820711e-01
9.972264536748418617e-01
9.972264553938715581e-01
9.972264570791623539e-01
9.972264587382069223e-01
9.972264603577492004e-01
9.972264619519601858e-01
9.972264635146067535e-01
9.972264650462769886e-01
9.972264665475432110e-01
9.972264680189640851e-01
9.972264694610836200e-01
9.972264708805257394e-01
9.972264722716271956e-01
9.972264736349109038e-01
9.972264749708876774e-01
9.972264762800563398e-01
9.972264775629028355e-01
9.972264788254404655e-01
9.972264800570592724e-01
9.972264812691148395e-01
9.972264824566047237e-01
9.972264836251608644e-01
9.972264847648265595e-01
9.972264858862462944e-01
9.972264869847402569e-01
9.972264880607530912e-01
9.972264891147170074e-01
9.972264901470518916e-01
9.972264911628053730e-01
9.972264921576634578e-01
9.972264931320217185e-01
9.972264940862729521e-01
9.972264950251462645e-01
9.972264959403220885e-01
9.972264968407190677e-01
9.972264977224178928e-01
9.972264985898404710e-01
9.972264994351840439e-01
9.972265002667971556e-01
9.972265010810030805e-01
9.972265018781242274e-01
9.972265026622302297e-01
9.972265034298400943e-01
9.972265041812865549e-01
9.972265049168919093e-01
9.972265056369690184e-01
9.972265063452775413e-01
9.972265070386024943e-01
9.972265077172336456e-01
9.972265083847422495e-01
9.972265090348335637e-01
9.972265096742527479e-01
9.972265103031636713e-01
9.972265109155711293e-01
9.972265115178871042e-01
9.972265121072849681e-01
9.972265126840099692e-01
9.972265132511813901e-01
9.972265138061098266e-01
9.972265143490405270e-01
9.972265148829640991e-01
9.972265154026487277e-01
9.972265159137165824e-01
9.972265164163094386e-01
9.972265169054421730e-01
9.972265173864545140e-01
9.972265178594740265e-01
9.972265183197563942e-01
9.972265187723780011e-01
9.972265192151038571e-01
9.972265196481293614e-01
9.972265200739227620e-01
9.972265204903556501e-01
9.972265208998126740e-01
9.972265212980704341e-01
9.972265216896339934e-01
9.972265220746115988e-01
9.972265224490067803e-01
9.972265228171162121e-01
9.972265231790480300e-01
9.972265235309960563e-01
9.972265238770371409e-01
9.972265242153772746e-01
9.972265245480321783e-01
9.972265248732652410e-01
9.972265251912261208e-01
9.972265255038292864e-01
9.972265258094237250e-01
9.972265261081514343e-01
9.972265264018292941e-01
9.972265266888863389e-01
9.972265269694556844e-01
9.972265272452619511e-01
9.972265275148165520e-01
9.972265277797971450e-01
9.972265280387695441e-01
9.972265282918640894e-01
9.972265285392073464e-01
9.972265287823602886e-01
9.972265290213934152e-01
9.972265292535938963e-01
9.972265294818558612e-01
9.972265297062427036e-01
9.972265299254956528e-01
9.972265301397200687e-01
9.972265303490187582e-01
9.972265305547485248e-01
9.972265307569664339e-01
9.972265309533048239e-01
9.972265311462842341e-01
9.972265313359638395e-01
9.972265315212530679e-01
9.972265317022491748e-01
9.972265318801581957e-01
9.972265320539400735e-01
9.972265322236835150e-01
9.972265323905307177e-01
9.972265325534929170e-01
9.972265327136732305e-01
9.972265328701150899e-01
9.972265330238831993e-01
9.972265331730836291e-01
9.972265333206820070e-01
9.972265334638792389e-01
9.972265336046195472e-01
9.972265337429422338e-01
9.972265338779979782e-01
9.972265340098607211e-01
9.972265341394616067e-01
9.972265342659986098e-01
9.972265343903692347e-01
9.972265345117966584e-01
9.972265346303457179e-01
9.972265347468665109e-01
9.972265348613933433e-01
9.972265349724382943e-01
9.972265350823282803e-01
9.972265351888646157e-01
9.972265352935727467e-01
9.972265353964825385e-01
9.972265354962286388e-01
9.972265355949447851e-01
9.972265356912881629e-01
9.972265357853117296e-01
9.972265358770693311e-01
9.972265359678924579e-01
9.972265360559018355e-01
9.972265361424038632e-01
9.972265362274248535e-01
9.972265363097964075e-01
9.972265363913445091e-01
9.972265364703427615e-01
9.972265365485548649e-01
9.972265366243132645e-01
9.972265366987735913e-01
9.972265367719577167e-01
9.972265368433579358e-01
9.972265369130131063e-01
9.972265369814726776e-01
9.972265370487560787e-01
9.972265371138981926e-01
9.972265371784094778e-01
9.972265372408632977e-01
9.972265373027183744e-01
9.972265373625958107e-01
9.972265374214513978e-01
9.972265374793032322e-01
9.972265375357314277e-01
9.972265375907678475e-01
9.972265376448662400e-01
9.972265376980425922e-01
9.972265377499043293e-01
9.972265378004803171e-01
9.972265378501938837e-01
9.972265378986715501e-01
9.972265379463217672e-01
9.972265379927840456e-01
9.972265380380868072e-01
9.972265380829814507e-01
9.972265381264024953e-01
9.972265381690877950e-01
9.972265382110504506e-01
9.972265382519656107e-01
9.972265382918569232e-01
9.972265383310746634e-01
9.972265383693091900e-01
9.972265384068985661e-01
9.972265384435433644e-01
9.972265384795699905e-01
9.972265385146891203e-01
9.972265385492160572e-01
9.972265385828710249e-01
9.972265386159587797e-01
9.972265386482093152e-01
9.972265386799183950e-01
9.972265387108250057e-01
9.972265387409482429e-01
9.972265387705685491e-01
9.972265387994374564e-01
9.972265388278258591e-01
9.972265388557421950e-01
9.972265388827047383e-01
9.972265389094608912e-01
9.972265389352994447e-01
9.972265389609431541e-01
9.972265389857042361e-01
9.972265390100560900e-01
9.972265390340058211e-01
9.972265390573425980e-01
9.972265390800804097e-01
9.972265391024439651e-01
9.972265391244407029e-01
9.972265391456692774e-01
9.972265391667521905e-01
9.972265391870968054e-01
9.972265392073051959e-01
9.972265392268037099e-01
9.972265392459866984e-01
9.972265392648600457e-01
9.972265392832472264e-01
9.972265393011595647e-01
9.972265393187844662e-01
9.972265393359537322e-01
9.972265393528484401e-01
9.972265393693057201e-01
9.972265393853358972e-01
9.972265394011113893e-01
9.972265394166368591e-01
9.972265394316019993e-01
9.972265394464866484e-01
9.972265394608325062e-01
9.972265394749542100e-01
9.972265394888559786e-01
9.972265395023965917e-01
9.972265395155842649e-01
9.972265395285688783e-01
9.972265395412152067e-01
9.972265395535311328e-01
9.972265395656593201e-01
9.972265395774706498e-01
9.972265395891032336e-01
9.972265396004316163e-01
9.972265396114632363e-01
9.972265396223299883e-01
9.972265396329118570e-01
9.972265396432155038e-01
9.972265396533672721e-01
9.972265396632521428e-01
9.972265396729929066e-01
9.972265396824780970e-01
9.972265396917138203e-01
9.972265397007061827e-01
9.972265397095704254e-01
9.972265397182012991e-01
9.972265397267108256e-01
9.972265397349965310e-01
9.972265397430638556e-01
9.972265397509177953e-01
9.972265397586644875e-01
9.972265397662065656e-01
9.972265397735491366e-01
9.972265397806969744e-01
9.972265397877498883e-01
9.972265397946160626e-01
9.972265398012997162e-01
9.972265398078055121e-01
9.972265398142278192e-01
9.972265398204795961e-01
9.972265398265647285e-01
9.972265398324873242e-01
9.972265398383372004e-01
9.972265398439462691e-01
9.972265398494881694e-01
9.972265398548816329e-01
9.972265398601299902e-01
9.972265398653179513e-01
9.972265398702867545e-01
9.972265398751999355e-01
9.972265398799022851e-01
9.972265398845535644e-01
9.972265398890785004e-01
9.972265398934799796e-01
9.972265398977608886e-01
9.972265399019238918e-01
9.972265399060455948e-01
9.972265399099812244e-01
9.972265399138792175e-01
9.972265399175975764e-01
9.972265399212817405e-01
9.972265399247923767e-01
9.972265399282722598e-01
9.972265399316533330e-01
9.972265399349375947e-01
9.972265399380594308e-01
9.972265399411563980e-01
9.972265399441625489e-01
9.972265399470798819e-01
9.972265399499758987e-01
9.972265399527207030e-01
9.972265399553817966e-01
9.972265399579606227e-01
9.972265399605229064e-01
9.972265399629420823e-01
9.972265399653466034e-01
9.972265399676113473e-01
9.972265399698636568e-01
9.972265399720415813e-01
9.972265399741464531e-01
9.972265399762407778e-01
9.972265399782026529e-01
9.972265399801555352e-01
9.972265399819785214e-01
9.972265399837939581e-01
9.972265399856020673e-01
9.972265399872833891e-01
9.972265399889586046e-01
9.972265399905685390e-01
9.972265399921732554e-01
9.972265399937136898e-01
9.972265399951906195e-01
9.972265399966045996e-01
9.972265399980148048e-01
9.972265399994215684e-01
9.972265400007666036e-01
9.972265400020503545e-01
9.972265400033897276e-01
9.972265400046103068e-01
9.972265400058285545e-01
9.972265400070446928e-01
9.972265400082588327e-01
9.972265400094132426e-01
9.972265400105659872e-01
9.972265400117170664e-01
9.972265400128093038e-01
9.972265400139573854e-01
9.972265400150466252e-01
9.972265400161347548e-01
9.972265400171642646e-01
9.972265400182496187e-01
9.972265400192764639e-01
9.972265400203021990e-01
9.972265400212696473e-01
9.972265400222358744e-01
9.972265400231440369e-01
9.972265400241075994e-01
9.972265400250130973e-01
9.972265400258607526e-01
9.972265400267634750e-01
9.972265400276082437e-01
9.972265400284514580e-01
9.972265400293490734e-01
9.972265400301888461e-01
9.972265400310267314e-01
9.972265400319182405e-01
9.972265400328073071e-01
9.972265400337493313e-01
9.972265400346884689e-01
9.972265400356246090e-01
9.972265400366121524e-01
9.972265400376506550e-01
9.972265400386850498e-01
9.972265400397689605e-01
9.972265400408477642e-01
9.972265400420285975e-01
9.972265400432029914e-01
9.972265400443705019e-01
9.972265400456366002e-01
9.972265400468944829e-01
9.972265400481957753e-01
9.972265400495393672e-01
9.972265400508728561e-01
9.972265400522465351e-01
9.972265400536590718e-01
9.972265400550592851e-01
9.972265400564962468e-01
9.972265400579686245e-01
9.972265400594264584e-01
9.972265400609175989e-01
9.972265400623929743e-01
9.972265400638993249e-01
9.972265400653886891e-01
9.972265400669070301e-01
9.972265400684074965e-01
9.972265400698896443e-01
9.972265400713975492e-01
9.972265400729297680e-01
9.972265400743987040e-01
9.972265400758902887e-01
9.972265400797107882e-01
9.972265400834258164e-01
9.972265400870335972e-01
9.972265400905701016e-01
9.972265400939959168e-01
9.972265400972754046e-01
9.972265401004113405e-01
9.972265401034383636e-01
9.972265401063286072e-01
9.972265401090861792e-01
9.972265401117159644e-01
9.972265401141978680e-01
9.972265401165633092e-01
9.972265401188169509e-01
9.972265401209416957e-01
9.972265401229660764e-01
9.972265401248752159e-01
9.972265401267136342e-01
9.972265401284292619e-01
9.972265401300638432e-01
9.972265401316211531e-01
9.972265401330736578e-01
9.972265401344726499e-01
9.972265401357770509e-01
9.972265401370331572e-01
9.972265401382037764e-01
9.972265401393191064e-01
9.972265401403694884e-01
9.972265401413696884e-01
9.972265401423217046e-01
9.972265401432176546e-01
9.972265401440697508e-01
9.972265401448802136e-01
9.972265401456419376e-01
9.972265401463658030e-01
9.972265401470532531e-01
9.972265401477059532e-01
9.972265401483255687e-01
9.972265401489065484e-01
9.972265401494639914e-01
9.972265401499923465e-01
9.972265401504875060e-01
9.972265401509565752e-01
9.972265401514059935e-01
9.972265401518267680e-01
9.972265401522248940e-01
9.972265401526019257e-01
9.972265401529585294e-01
9.972265401532959261e-01
9.972265401536151153e-01
9.972265401539135432e-01
9.972265401541989815e-01
9.972265401544689878e-01
9.972265401547213415e-01
9.972265401549599284e-01
9.972265401551854147e-01
9.972265401553986885e-01
9.972265401556003050e-01
9.972265401557888209e-01
9.972265401559671227e-01
9.972265401561376530e-01
9.972265401562969700e-01
9.972265401564477383e-01
9.972265401565886256e-01
9.972265401567235177e-01
9.972265401568495280e-01
9.972265401569688770e-01
9.972265401570803434e-01
9.972265401571872578e-01
9.972265401572871779e-01
9.972265401573816579e-01
9.972265401574701427e-01
9.972265401575538535e-01
9.972265401576332344e-01
9.972265401577075083e-01
9.972265401577778965e-01
9.972265401578445099e-01
9.972265401579071264e-01
9.972265401579656352e-01
9.972265401580212574e-01
