2.348937300000000000e+17
2.348928900000000000e+17
2.348920500000000000e+17
2.348911100000000000e+17
2.348902300000000000e+17
2.348893300000000000e+17
2.348883600000000000e+17
2.348873700000000000e+17
2.348863600000000000e+17
2.348853100000000000e+17
2.348842700000000000e+17
2.348831700000000000e+17
2.348820200000000000e+17
2.348808400000000000e+17
2.348796900000000000e+17
2.348784100000000000e+17
2.348772000000000000e+17
2.348759200000000000e+17
2.348745900000000000e+17
2.348732700000000000e+17
2.348718800000000000e+17
2.348704100000000000e+17
2.348689100000000000e+17
2.348673800000000000e+17
2.348658700000000000e+17
2.348642300000000000e+17
2.348626200000000000e+17
2.348609400000000000e+17
2.348592500000000000e+17
2.348574500000000000e+17
2.348556200000000000e+17
2.348537800000000000e+17
2.348518400000000000e+17
2.348498600000000000e+17
2.348478400000000000e+17
2.348457500000000000e+17
2.348436400000000000e+17
2.348414200000000000e+17
2.348391400000000000e+17
2.348368600000000000e+17
2.348344500000000000e+17
2.348320300000000000e+17
2.348295200000000000e+17
2.348269400000000000e+17
2.348242800000000000e+17
2.348215800000000000e+17
2.348188000000000000e+17
2.348159200000000000e+17
2.348130000000000000e+17
2.348099800000000000e+17
2.348068300000000000e+17
2.348036600000000000e+17
2.348003600000000000e+17
2.347969800000000000e+17
2.347935300000000000e+17
2.347899800000000000e+17
2.347863600000000000e+17
2.347825800000000000e+17
2.347787700000000000e+17
2.347748100000000000e+17
2.347707500000000000e+17
2.347665500000000000e+17
2.347622800000000000e+17
2.347579400000000000e+17
2.347533900000000000e+17
2.347487200000000000e+17
2.347439700000000000e+17
2.347390800000000000e+17
2.347340800000000000e+17
2.347289100000000000e+17
2.347235900000000000e+17
2.347181900000000000e+17
2.347125600000000000e+17
2.347068300000000000e+17
2.347009400000000000e+17
2.346948900000000000e+17
2.346886700000000000e+17
2.346823000000000000e+17
2.346757500000000000e+17
2.346690200000000000e+17
2.346620600000000000e+17
2.346549400000000000e+17
2.346476400000000000e+17
2.346401900000000000e+17
2.346325300000000000e+17
2.346245200000000000e+17
2.346164100000000000e+17
2.346080800000000000e+17
2.345995300000000000e+17
2.345907300000000000e+17
2.345817300000000000e+17
2.345724500000000000e+17
2.345629200000000000e+17
2.345531300000000000e+17
2.345430600000000000e+17
2.345327800000000000e+17
2.345221700000000000e+17
2.345112800000000000e+17
2.345000900000000000e+17
2.344886400000000000e+17
2.344768400000000000e+17
2.344647500000000000e+17
2.344523000000000000e+17
2.344395500000000000e+17
2.344264100000000000e+17
2.344130000000000000e+17
2.343991400000000000e+17
2.343849400000000000e+17
2.343703600000000000e+17
2.343553900000000000e+17
2.343399800000000000e+17
2.343242200000000000e+17
2.343080200000000000e+17
2.342913100000000000e+17
2.342742300000000000e+17
2.342566700000000000e+17
2.342386200000000000e+17
2.342201300000000000e+17
2.342011100000000000e+17
2.341815600000000000e+17
2.341615300000000000e+17
2.341408900000000000e+17
2.341197500000000000e+17
2.340980600000000000e+17
2.340757300000000000e+17
2.340528400000000000e+17
2.340293000000000000e+17
2.340051600000000000e+17
2.339803800000000000e+17
2.339549400000000000e+17
2.339287500000000000e+17
2.339019200000000000e+17
2.338743900000000000e+17
2.338460600000000000e+17
2.338169700000000000e+17
2.337871300000000000e+17
2.337565200000000000e+17
2.337250500000000000e+17
2.336927500000000000e+17
2.336595900000000000e+17
2.336255300000000000e+17
2.335905600000000000e+17
2.335546700000000000e+17
2.335178400000000000e+17
2.334799800000000000e+17
2.334411300000000000e+17
2.334012700000000000e+17
2.333603100000000000e+17
2.333183000000000000e+17
2.332750900000000000e+17
2.332308100000000000e+17
2.331853400000000000e+17
2.331386200000000000e+17
2.330907200000000000e+17
2.330415600000000000e+17
2.329910200000000000e+17
2.329391900000000000e+17
2.328859500000000000e+17
2.328313400000000000e+17
2.327752700000000000e+17
2.327177300000000000e+17
2.326586600000000000e+17
2.325980600000000000e+17
2.325358100000000000e+17
2.324719700000000000e+17
2.324064200000000000e+17
2.323391900000000000e+17
2.322701400000000000e+17
2.321993300000000000e+17
2.321266600000000000e+17
2.320520600000000000e+17
2.319755500000000000e+17
2.318970200000000000e+17
2.318164400000000000e+17
2.317338000000000000e+17
2.316489800000000000e+17
2.315619800000000000e+17
2.314727500000000000e+17
2.313811900000000000e+17
2.312872700000000000e+17
2.311909200000000000e+17
2.310921100000000000e+17
2.309907800000000000e+17
2.308868400000000000e+17
2.307802700000000000e+17
2.306709500000000000e+17
2.305589100000000000e+17
2.304439800000000000e+17
2.303261900000000000e+17
2.302053700000000000e+17
2.300815600000000000e+17
2.299546200000000000e+17
2.298245300000000000e+17
2.296911900000000000e+17
2.295545300000000000e+17
2.294145000000000000e+17
2.292710000000000000e+17
2.291240200000000000e+17
2.289733900000000000e+17
2.288191200000000000e+17
2.286611100000000000e+17
2.284992700000000000e+17
2.283335000000000000e+17
2.281637800000000000e+17
2.279900300000000000e+17
2.278121600000000000e+17
2.276300600000000000e+17
2.274437200000000000e+17
2.272530500000000000e+17
2.270579200000000000e+17
2.268583300000000000e+17
2.266541100000000000e+17
2.264452500000000000e+17
2.262316700000000000e+17
2.260132800000000000e+17
2.257900900000000000e+17
2.255619200000000000e+17
2.253287700000000000e+17
2.250905300000000000e+17
2.248470800000000000e+17
2.245984800000000000e+17
2.243446400000000000e+17
2.240854200000000000e+17
2.238208600000000000e+17
2.235507800000000000e+17
2.232752000000000000e+17
2.229941200000000000e+17
2.227074100000000000e+17
2.224150900000000000e+17
2.221170200000000000e+17
2.218132200000000000e+17
2.215035800000000000e+17
2.211882500000000000e+17
2.208670000000000000e+17
2.205399200000000000e+17
2.202069200000000000e+17
2.198680300000000000e+17
2.195231900000000000e+17
2.191724200000000000e+17
2.188156900000000000e+17
2.184530300000000000e+17
2.180844200000000000e+17
2.177098300000000000e+17
2.173293000000000000e+17
2.169428600000000000e+17
2.165505000000000000e+17
2.161522300000000000e+17
2.157481200000000000e+17
2.153381300000000000e+17
2.149223400000000000e+17
2.145007500000000000e+17
2.140734100000000000e+17
2.136404200000000000e+17
2.132017500000000000e+17
2.127574700000000000e+17
2.123076200000000000e+17
2.118523100000000000e+17
2.113915000000000000e+17
2.109253400000000000e+17
2.104538400000000000e+17
2.099771100000000000e+17
2.094952200000000000e+17
2.090081300000000000e+17
2.085160300000000000e+17
2.080189400000000000e+17
2.075169800000000000e+17
2.070102000000000000e+17
2.064986100000000000e+17
2.059824200000000000e+17
2.054616400000000000e+17
2.049363000000000000e+17
2.044065600000000000e+17
2.038724800000000000e+17
2.033341300000000000e+17
2.027916400000000000e+17
2.022450200000000000e+17
2.016944100000000000e+17
2.011398300000000000e+17
2.005814200000000000e+17
2.000192500000000000e+17
1.994533900000000000e+17
1.988839500000000000e+17
1.983109700000000000e+17
1.977345300000000000e+17
1.971547500000000000e+17
1.965716700000000000e+17
1.959854100000000000e+17
1.953960000000000000e+17
1.948035600000000000e+17
1.942081400000000000e+17
1.936098300000000000e+17
1.930086700000000000e+17
1.924047800000000000e+17
1.917982000000000000e+17
1.911890000000000000e+17
1.905772700000000000e+17
1.899630500000000000e+17
1.893464400000000000e+17
1.887275000000000000e+17
1.881062500000000000e+17
1.874827800000000000e+17
1.868571900000000000e+17
1.862294800000000000e+17
1.855997300000000000e+17
1.849680800000000000e+17
1.843344800000000000e+17
1.836990200000000000e+17
1.830617300000000000e+17
1.824227300000000000e+17
1.817820200000000000e+17
1.811396600000000000e+17
1.804957300000000000e+17
1.798502500000000000e+17
1.792032700000000000e+17
1.785548800000000000e+17
1.779050600000000000e+17
1.772538900000000000e+17
1.766014200000000000e+17
1.759477000000000000e+17
1.752927700000000000e+17
1.746366400000000000e+17
1.739793700000000000e+17
1.733210000000000000e+17
1.726615800000000000e+17
1.720011200000000000e+17
1.713397000000000000e+17
1.706773400000000000e+17
1.700140500000000000e+17
1.693498900000000000e+17
1.686848900000000000e+17
1.680190600000000000e+17
1.673524800000000000e+17
1.666851700000000000e+17
1.660170800000000000e+17
1.653483100000000000e+17
1.646789100000000000e+17
1.640088600000000000e+17
1.633381900000000000e+17
1.626669500000000000e+17
1.619951300000000000e+17
1.613228100000000000e+17
1.606499700000000000e+17
1.599767000000000000e+17
1.593029200000000000e+17
1.586286400000000000e+17
1.579540000000000000e+17
1.572789500000000000e+17
1.566035200000000000e+17
1.559277300000000000e+17
1.552515900000000000e+17
1.545751200000000000e+17
1.538983900000000000e+17
1.532213400000000000e+17
1.525440500000000000e+17
1.518665200000000000e+17
1.511887200000000000e+17
1.505107200000000000e+17
1.498325200000000000e+17
1.491541400000000000e+17
1.484755800000000000e+17
1.477968700000000000e+17
1.471180300000000000e+17
1.464390800000000000e+17
1.457599400000000000e+17
1.450807700000000000e+17
1.444015000000000000e+17
1.437221400000000000e+17
1.430427700000000000e+17
1.423632700000000000e+17
1.416837800000000000e+17
1.410042300000000000e+17
1.403247000000000000e+17
1.396451700000000000e+17
1.389656100000000000e+17
1.382860900000000000e+17
1.376065600000000000e+17
1.369270800000000000e+17
1.362476600000000000e+17
1.355682500000000000e+17
1.348889400000000000e+17
1.342096700000000000e+17
1.335304800000000000e+17
1.328513800000000000e+17
1.321723600000000000e+17
1.314934400000000000e+17
1.308146300000000000e+17
1.301359100000000000e+17
1.294573400000000000e+17
1.287788600000000000e+17
1.281005300000000000e+17
1.274223500000000000e+17
1.267442700000000000e+17
1.260663600000000000e+17
1.253886100000000000e+17
1.247110200000000000e+17
1.240335900000000000e+17
1.233563300000000000e+17
1.226792400000000000e+17
1.220023300000000000e+17
1.213256200000000000e+17
1.206490800000000000e+17
1.199727600000000000e+17
1.192966400000000000e+17
1.186207000000000000e+17
1.179449900000000000e+17
1.172695200000000000e+17
1.165942400000000000e+17
1.159192100000000000e+17
1.152444200000000000e+17
1.145698500000000000e+17
1.138955400000000000e+17
1.132214800000000000e+17
1.125476600000000000e+17
1.118741000000000000e+17
1.112008400000000000e+17
1.105278500000000000e+17
1.098551200000000000e+17
1.091827100000000000e+17
1.085105700000000000e+17
1.078387600000000000e+17
1.071672500000000000e+17
1.064960600000000000e+17
1.058252000000000000e+17
1.051546600000000000e+17
1.044844800000000000e+17
1.038146600000000000e+17
1.031451900000000000e+17
1.024761000000000000e+17
1.018074100000000000e+17
1.011391000000000000e+17
1.004711900000000000e+17
9.980371100000000000e+16
9.913666400000000000e+16
9.847006300000000000e+16
9.780392200000000000e+16
9.713825800000000000e+16
9.647307800000000000e+16
9.580840600000000000e+16
9.514425800000000000e+16
9.448064800000000000e+16
9.381758600000000000e+16
9.315510900000000000e+16
9.249322700000000000e+16
9.183193800000000000e+16
9.117129700000000000e+16
9.051131200000000000e+16
8.985199200000000000e+16
8.919337500000000000e+16
8.853547700000000000e+16
8.787832800000000000e+16
8.722195300000000000e+16
8.656636700000000000e+16
8.591161700000000000e+16
8.525771100000000000e+16
8.460468000000000000e+16
8.395257800000000000e+16
8.330139100000000000e+16
8.265119500000000000e+16
8.200199200000000000e+16
8.135384400000000000e+16
8.070674200000000000e+16
8.006075800000000000e+16
7.941593000000000000e+16
7.877225000000000000e+16
7.812979700000000000e+16
7.748858600000000000e+16
7.684867200000000000e+16
7.621009400000000000e+16
7.557288300000000000e+16
7.493708600000000000e+16
7.430275800000000000e+16
7.366993000000000000e+16
7.303864800000000000e+16
7.240896900000000000e+16
7.178091400000000000e+16
7.115455500000000000e+16
7.052993700000000000e+16
6.990710200000000000e+16
6.928610200000000000e+16
6.866697700000000000e+16
6.804977300000000000e+16
6.743457800000000000e+16
6.682139800000000000e+16
6.621030500000000000e+16
6.560136700000000000e+16
6.499460200000000000e+16
6.439007800000000000e+16
6.378785200000000000e+16
6.318796900000000000e+16
6.259048400000000000e+16
6.199545700000000000e+16
6.140291800000000000e+16
6.081294500000000000e+16
6.022555900000000000e+16
5.964085200000000000e+16
5.905884000000000000e+16
5.847959400000000000e+16
5.790315200000000000e+16
5.732957400000000000e+16
5.675890200000000000e+16
5.619119100000000000e+16
5.562648000000000000e+16
5.506482400000000000e+16
5.450626200000000000e+16
5.395084000000000000e+16
5.339859000000000000e+16
5.284955900000000000e+16
5.230378500000000000e+16
5.176130500000000000e+16
5.122216400000000000e+16
5.068638700000000000e+16
5.015402700000000000e+16
4.962509800000000000e+16
4.909966400000000000e+16
4.857772300000000000e+16
4.805932800000000000e+16
4.754450000000000000e+16
4.703328900000000000e+16
4.652570700000000000e+16
4.602178100000000000e+16
4.552154300000000000e+16
4.502502000000000000e+16
4.453223400000000000e+16
4.404320700000000000e+16
4.355796500000000000e+16
4.307651200000000000e+16
4.259888700000000000e+16
4.212510200000000000e+16
4.165514800000000000e+16
4.118907800000000000e+16
4.072686300000000000e+16
4.026853900000000000e+16
3.981410900000000000e+16
3.936357400000000000e+16
3.891694500000000000e+16
3.847422700000000000e+16
3.803541800000000000e+16
3.760052000000000000e+16
3.716953900000000000e+16
3.674247300000000000e+16
3.631930900000000000e+16
3.590005500000000000e+16
3.548470300000000000e+16
3.507325800000000000e+16
3.466568400000000000e+16
3.426200400000000000e+16
3.386219500000000000e+16
3.346624600000000000e+16
3.307416400000000000e+16
3.268591000000000000e+16
3.230149200000000000e+16
3.192088900000000000e+16
3.154408800000000000e+16
3.117107600000000000e+16
3.080183000000000000e+16
3.043635000000000000e+16
3.007460400000000000e+16
2.971657800000000000e+16
2.936225800000000000e+16
2.901161900000000000e+16
2.866464600000000000e+16
2.832132400000000000e+16
2.798161700000000000e+16
2.764551800000000000e+16
2.731300200000000000e+16
2.698404300000000000e+16
2.665862100000000000e+16
2.633671500000000000e+16
2.601829700000000000e+16
2.570334600000000000e+16
2.539183200000000000e+16
2.508373600000000000e+16
2.477901600000000000e+16
2.447766200000000000e+16
2.417962900000000000e+16
2.388489600000000000e+16
2.359342800000000000e+16
2.330518900000000000e+16
2.302014600000000000e+16
2.273826000000000000e+16
2.245949000000000000e+16
2.218380300000000000e+16
2.191115200000000000e+16
2.164149400000000000e+16
2.137477100000000000e+16
2.111095100000000000e+16
2.084997300000000000e+16
2.059178900000000000e+16
2.033634400000000000e+16
2.008358400000000000e+16
1.983345300000000000e+16
1.958590000000000000e+16
1.934086700000000000e+16
1.909830300000000000e+16
1.885815400000000000e+16
1.862038300000000000e+16
1.838493800000000000e+16
1.815178300000000000e+16
1.792088500000000000e+16
1.769221700000000000e+16
1.746575800000000000e+16
1.724149400000000000e+16
1.701942000000000000e+16
1.679954100000000000e+16
1.658186100000000000e+16
1.636640200000000000e+16
1.615318600000000000e+16
1.594223400000000000e+16
1.573358600000000000e+16
1.552727400000000000e+16
1.532333400000000000e+16
1.512180100000000000e+16
1.492271000000000000e+16
1.472609500000000000e+16
1.453198000000000000e+16
1.434039500000000000e+16
1.415134600000000000e+16
1.396485100000000000e+16
1.378091500000000000e+16
1.359953300000000000e+16
1.342069800000000000e+16
1.324439300000000000e+16
1.307060300000000000e+16
1.289929400000000000e+16
1.273044900000000000e+16
1.256402800000000000e+16
1.239999700000000000e+16
1.223831700000000000e+16
1.207895300000000000e+16
1.192186300000000000e+16
1.176700000000000000e+16
1.161432900000000000e+16
1.146380800000000000e+16
1.131539200000000000e+16
1.116904500000000000e+16
1.102472600000000000e+16
1.088239300000000000e+16
1.074201200000000000e+16
1.060354500000000000e+16
1.046695800000000000e+16
1.033221400000000000e+16
1.019928100000000000e+16
1.006812600000000000e+16
9.938718800000000000e+15
9.811028300000000000e+15
9.685026400000000000e+15
9.560686500000000000e+15
9.437978500000000000e+15
9.316876000000000000e+15
9.197357400000000000e+15
9.079394500000000000e+15
8.962965800000000000e+15
8.848046900000000000e+15
8.734615200000000000e+15
8.622650400000000000e+15
8.512132800000000000e+15
8.403035200000000000e+15
8.295344700000000000e+15
8.189036600000000000e+15
8.084095700000000000e+15
7.980501000000000000e+15
7.878234400000000000e+15
7.777278800000000000e+15
7.677615700000000000e+15
7.579229500000000000e+15
7.482101600000000000e+15
7.386215800000000000e+15
7.291556600000000000e+15
7.198108400000000000e+15
7.105855000000000000e+15
7.014778800000000000e+15
6.924869600000000000e+15
6.836109900000000000e+15
6.748482900000000000e+15
6.661977500000000000e+15
6.576577600000000000e+15
6.492271500000000000e+15
6.409042500000000000e+15
6.326877900000000000e+15
6.245765100000000000e+15
6.165690400000000000e+15
6.086641600000000000e+15
6.008604000000000000e+15
5.931565900000000000e+15
5.855514200000000000e+15
5.780438500000000000e+15
5.706324200000000000e+15
5.633161100000000000e+15
5.560936000000000000e+15
5.489635700000000000e+15
5.419252900000000000e+15
5.349770500000000000e+15
5.281182100000000000e+15
5.213475100000000000e+15
5.146637200000000000e+15
5.080659200000000000e+15
5.015528300000000000e+15
4.951235400000000000e+15
4.887768600000000000e+15
4.825119100000000000e+15
4.763275400000000000e+15
4.702227500000000000e+15
4.641965800000000000e+15
4.582479500000000000e+15
4.523759800000000000e+15
4.465795900000000000e+15
4.408579100000000000e+15
4.352098600000000000e+15
4.296346700000000000e+15
4.241313500000000000e+15
4.186989700000000000e+15
4.133366200000000000e+15
4.080434800000000000e+15
4.028184100000000000e+15
3.976608400000000000e+15
3.925698700000000000e+15
3.875444300000000000e+15
3.825839400000000000e+15
3.776874000000000000e+15
3.728540800000000000e+15
3.680831100000000000e+15
3.633737500000000000e+15
3.587251200000000000e+15
3.541365700000000000e+15
3.496071500000000000e+15
3.451362300000000000e+15
3.407230700000000000e+15
3.363668700000000000e+15
3.320668700000000000e+15
3.278224100000000000e+15
3.236327900000000000e+15
3.194972400000000000e+15
3.154150900000000000e+15
3.113856700000000000e+15
3.074081800000000000e+15
3.034821500000000000e+15
2.996067900000000000e+15
2.957814700000000000e+15
2.920055200000000000e+15
2.882783400000000000e+15
2.845992200000000000e+15
2.809677000000000000e+15
2.773829800000000000e+15
2.738445800000000000e+15
2.703518300000000000e+15
2.669041500000000000e+15
2.635009500000000000e+15
2.601416700000000000e+15
2.568257300000000000e+15
2.535526100000000000e+15
2.503217800000000000e+15
2.471325200000000000e+15
2.439830100000000000e+15
2.408736600000000000e+15
2.378120800000000000e+15
2.348096700000000000e+15
2.318635700000000000e+15
2.289517800000000000e+15
2.260567100000000000e+15
2.231821000000000000e+15
2.203403100000000000e+15
2.175364700000000000e+15
2.147697300000000000e+15
2.120386000000000000e+15
2.093424800000000000e+15
2.066810500000000000e+15
2.040539800000000000e+15
2.014605800000000000e+15
1.989005600000000000e+15
1.963735100000000000e+15
1.938788500000000000e+15
1.914163600000000000e+15
1.889854200000000000e+15
1.865857800000000000e+15
1.842168900000000000e+15
1.818784700000000000e+15
1.795700400000000000e+15
1.772913000000000000e+15
1.750417200000000000e+15
1.728210300000000000e+15
1.706288100000000000e+15
1.684647600000000000e+15
1.663283900000000000e+15
1.642194100000000000e+15
1.621374600000000000e+15
1.600821900000000000e+15
1.580532200000000000e+15
1.560502700000000000e+15
1.540729200000000000e+15
1.521209000000000000e+15
1.501938500000000000e+15
1.482914400000000000e+15
1.464133900000000000e+15
1.445593100000000000e+15
1.427290200000000000e+15
1.409220100000000000e+15
1.391381300000000000e+15
1.373770500000000000e+15
1.356384600000000000e+15
1.339220600000000000e+15
1.322276100000000000e+15
1.305547400000000000e+15
1.289032100000000000e+15
1.272727700000000000e+15
1.256631100000000000e+15
1.240740000000000000e+15
1.225051400000000000e+15
1.209563000000000000e+15
1.194271500000000000e+15
1.179175000000000000e+15
1.164271000000000000e+15
1.149556600000000000e+15
1.135029500000000000e+15
1.120687600000000000e+15
1.106528100000000000e+15
1.092549000000000000e+15
1.078747600000000000e+15
1.065121800000000000e+15
1.051669400000000000e+15
1.038387900000000000e+15
1.025275600000000000e+15
1.012329800000000000e+15
9.995490100000000000e+14
9.869298700000000000e+14
9.744714400000000000e+14
9.621714500000000000e+14
9.500277100000000000e+14
9.380383300000000000e+14
9.262011700000000000e+14
9.145145900000000000e+14
9.029763800000000000e+14
8.915847200000000000e+14
8.803378300000000000e+14
8.692337600000000000e+14
8.582707500000000000e+14
8.474469000000000000e+14
8.367605000000000000e+14
8.262097800000000000e+14
8.157932700000000000e+14
8.055087900000000000e+14
7.953549200000000000e+14
7.853298300000000000e+14
7.754323700000000000e+14
7.656603400000000000e+14
7.560123300000000000e+14
7.464870600000000000e+14
7.370825800000000000e+14
7.277976100000000000e+14
7.186304900000000000e+14
7.095797700000000000e+14
7.006441000000000000e+14
6.918219600000000000e+14
6.831118800000000000e+14
6.745122700000000000e+14
6.660224600000000000e+14
6.576403800000000000e+14
6.493648100000000000e+14
6.411945200000000000e+14
6.331281700000000000e+14
6.251644900000000000e+14
6.173020600000000000e+14
6.095398600000000000e+14
6.018763400000000000e+14
5.943103600000000000e+14
5.868409400000000000e+14
5.794664300000000000e+14
5.721861000000000000e+14
5.649984100000000000e+14
5.579024000000000000e+14
5.508970300000000000e+14
5.439807100000000000e+14
5.371527700000000000e+14
5.304119900000000000e+14
5.237571400000000000e+14
5.171873800000000000e+14
5.107012900000000000e+14
5.042981900000000000e+14
4.979769300000000000e+14
4.917362700000000000e+14
4.855754700000000000e+14
4.794934700000000000e+14
4.734891100000000000e+14
4.675615200000000000e+14
4.617098400000000000e+14
4.559329500000000000e+14
4.502299800000000000e+14
4.445999800000000000e+14
4.390420500000000000e+14
4.335552700000000000e+14
4.281387300000000000e+14
4.227915000000000000e+14
4.175127900000000000e+14
4.123016400000000000e+14
4.071573500000000000e+14
4.020788900000000000e+14
3.970654000000000000e+14
3.921163000000000000e+14
3.872305900000000000e+14
3.824073800000000000e+14
3.776460600000000000e+14
3.729457100000000000e+14
3.683056000000000000e+14
3.637250100000000000e+14
3.592030300000000000e+14
3.547390700000000000e+14
3.503322800000000000e+14
3.459819600000000000e+14
3.416873800000000000e+14
3.374478100000000000e+14
3.332625400000000000e+14
3.291309800000000000e+14
3.250522200000000000e+14
3.210257900000000000e+14
3.170509000000000000e+14
3.131269500000000000e+14
3.092532700000000000e+14
3.054291700000000000e+14
3.016540200000000000e+14
2.979272500000000000e+14
2.942481700000000000e+14
2.906161800000000000e+14
2.870306700000000000e+14
2.834910900000000000e+14
2.799967300000000000e+14
2.765471200000000000e+14
2.731416000000000000e+14
2.697796300000000000e+14
2.664606000000000000e+14
2.631840200000000000e+14
2.599493100000000000e+14
2.567559200000000000e+14
2.536032900000000000e+14
2.504909800000000000e+14
2.474183000000000000e+14
2.443849200000000000e+14
2.413901200000000000e+14
2.384336500000000000e+14
2.355148000000000000e+14
2.326331600000000000e+14
2.297882500000000000e+14
2.269796000000000000e+14
2.242067300000000000e+14
2.214691000000000000e+14
2.187663100000000000e+14
2.160979600000000000e+14
2.134635300000000000e+14
2.108625600000000000e+14
2.082946800000000000e+14
2.057594500000000000e+14
2.032563800000000000e+14
2.007851300000000000e+14
1.983452300000000000e+14
1.959363300000000000e+14
1.935579800000000000e+14
1.912097800000000000e+14
1.888913700000000000e+14
1.866023300000000000e+14
1.843423200000000000e+14
1.821109300000000000e+14
1.799078100000000000e+14
1.777326200000000000e+14
1.755849200000000000e+14
1.734644900000000000e+14
1.713708200000000000e+14
1.693037100000000000e+14
1.672627700000000000e+14
1.652476700000000000e+14
1.632580700000000000e+14
1.612936700000000000e+14
1.593541900000000000e+14
1.574392200000000000e+14
1.555485200000000000e+14
1.536817500000000000e+14
1.518386400000000000e+14
1.500188600000000000e+14
1.482221200000000000e+14
1.464481200000000000e+14
1.446965900000000000e+14
1.429672400000000000e+14
1.412598300000000000e+14
1.395740100000000000e+14
1.379095300000000000e+14
1.362661700000000000e+14
1.346436200000000000e+14
1.330416000000000000e+14
1.314599200000000000e+14
1.298982200000000000e+14
1.283563700000000000e+14
1.268340000000000000e+14
1.253309200000000000e+14
1.238469200000000000e+14
1.223817800000000000e+14
1.209352500000000000e+14
1.195071100000000000e+14
1.180971500000000000e+14
1.167051700000000000e+14
1.153309000000000000e+14
1.139741700000000000e+14
1.126347700000000000e+14
1.113125000000000000e+14
1.100071600000000000e+14
1.087185400000000000e+14
1.074464400000000000e+14
1.061906800000000000e+14
1.049510300000000000e+14
1.037273300000000000e+14
1.025193900000000000e+14
1.013270100000000000e+14
1.001499700000000000e+14
9.898811300000000000e+13
9.784118700000000000e+13
9.670904500000000000e+13
9.559147600000000000e+13
9.448831900000000000e+13
9.339931500000000000e+13
9.232432600000000000e+13
9.126313800000000000e+13
9.021560700000000000e+13
8.918148800000000000e+13
8.816066700000000000e+13
8.715295400000000000e+13
8.615821100000000000e+13
8.517625400000000000e+13
8.420694000000000000e+13
8.325015300000000000e+13
8.230573300000000000e+13
8.137358100000000000e+13
8.045358300000000000e+13
7.954562400000000000e+13
7.864959700000000000e+13
7.776538800000000000e+13
7.689286800000000000e+13
7.603193700000000000e+13
7.518246500000000000e+13
7.434434500000000000e+13
7.351750900000000000e+13
7.270182000000000000e+13
7.189720200000000000e+13
7.110354600000000000e+13
7.032077000000000000e+13
6.954878200000000000e+13
6.878749800000000000e+13
6.803678900000000000e+13
6.729659300000000000e+13
6.656685600000000000e+13
6.584746600000000000e+13
6.513838200000000000e+13
6.443956000000000000e+13
6.375095700000000000e+13
6.307246000000000000e+13
6.240391900000000000e+13
6.174527700000000000e+13
6.109658100000000000e+13
6.045784800000000000e+13
5.982903300000000000e+13
5.921016300000000000e+13
5.859874700000000000e+13
5.799116500000000000e+13
5.738748200000000000e+13
5.678928400000000000e+13
5.619688400000000000e+13
5.561022600000000000e+13
5.502924000000000000e+13
5.445388400000000000e+13
5.388412500000000000e+13
5.331987400000000000e+13
5.276111200000000000e+13
5.220778700000000000e+13
5.165983200000000000e+13
5.111722200000000000e+13
5.057989100000000000e+13
5.004780200000000000e+13
4.952089300000000000e+13
4.899913800000000000e+13
4.848247500000000000e+13
4.797086000000000000e+13
4.746426400000000000e+13
4.696261200000000000e+13
4.646587400000000000e+13
4.597401400000000000e+13
4.548697700000000000e+13
4.500472300000000000e+13
4.452719900000000000e+13
4.405437900000000000e+13
4.358621200000000000e+13
4.312264600000000000e+13
4.266366200000000000e+13
4.220918700000000000e+13
4.175920500000000000e+13
4.131366700000000000e+13
4.087254300000000000e+13
4.043578300000000000e+13
4.000334500000000000e+13
3.957517600000000000e+13
3.915127200000000000e+13
3.873157500000000000e+13
3.831603600000000000e+13
3.790462900000000000e+13
3.749732200000000000e+13
3.709407000000000000e+13
3.669482400000000000e+13
3.629957200000000000e+13
3.590825700000000000e+13
3.552085900000000000e+13
3.513732900000000000e+13
3.475762600000000000e+13
3.438173300000000000e+13
3.400960900000000000e+13
3.364121200000000000e+13
3.327652000000000000e+13
3.291548200000000000e+13
3.255807900000000000e+13
3.220426600000000000e+13
3.185402500000000000e+13
3.150730700000000000e+13
3.116408700000000000e+13
3.082433300000000000e+13
3.048801600000000000e+13
3.015509800000000000e+13
2.982554600000000000e+13
2.949933600000000000e+13
2.917642400000000000e+13
2.885679600000000000e+13
2.854041700000000000e+13
2.822724700000000000e+13
2.791727100000000000e+13
2.761044700000000000e+13
2.730675300000000000e+13
2.700615700000000000e+13
2.670862400000000000e+13
2.641413900000000000e+13
2.612266200000000000e+13
2.583416600000000000e+13
2.554863000000000000e+13
2.526602000000000000e+13
2.498630900000000000e+13
2.470947600000000000e+13
2.443549300000000000e+13
2.416432200000000000e+13
2.389595200000000000e+13
2.363034100000000000e+13
2.336747600000000000e+13
2.310731900000000000e+13
2.284985900000000000e+13
2.259505800000000000e+13
2.234289900000000000e+13
2.209335100000000000e+13
2.184639400000000000e+13
2.160200100000000000e+13
2.136015100000000000e+13
2.112081300000000000e+13
2.088396600000000000e+13
2.064959300000000000e+13
2.041766500000000000e+13
2.018815200000000000e+13
1.996104400000000000e+13
1.973630700000000000e+13
1.951392700000000000e+13
1.929387700000000000e+13
1.907613400000000000e+13
1.886066800000000000e+13
1.864748000000000000e+13
1.843652900000000000e+13
1.822780000000000000e+13
1.802127100000000000e+13
1.781691900000000000e+13
1.761472500000000000e+13
1.741466900000000000e+13
1.721672400000000000e+13
1.702088400000000000e+13
1.682711200000000000e+13
1.663539900000000000e+13
1.644572400000000000e+13
1.625806400000000000e+13
1.607239700000000000e+13
1.588870900000000000e+13
1.570697800000000000e+13
1.552718800000000000e+13
1.534931900000000000e+13
1.517335100000000000e+13
1.499926600000000000e+13
1.482704500000000000e+13
1.465667000000000000e+13
1.448812400000000000e+13
1.432138300000000000e+13
1.415644500000000000e+13
1.399327700000000000e+13
1.383186400000000000e+13
1.367219100000000000e+13
1.351424700000000000e+13
1.335800500000000000e+13
1.320345400000000000e+13
1.305057300000000000e+13
1.289934900000000000e+13
1.274976600000000000e+13
1.260180500000000000e+13
1.245545200000000000e+13
1.231068900000000000e+13
1.216750200000000000e+13
1.202587500000000000e+13
1.188579000000000000e+13
1.174723700000000000e+13
1.161019700000000000e+13
1.147465600000000000e+13
1.134059700000000000e+13
1.120801000000000000e+13
1.107687600000000000e+13
1.094717800000000000e+13
1.081890600000000000e+13
1.069204900000000000e+13
1.056658600000000000e+13
1.044250600000000000e+13
1.031979600000000000e+13
1.019843900000000000e+13
1.007842200000000000e+13
9.959733000000000000e+12
9.842357600000000000e+12
9.726280200000000000e+12
9.611492200000000000e+12
9.497979200000000000e+12
9.385726000000000000e+12
9.274720200000000000e+12
9.164949400000000000e+12
9.056403200000000000e+12
8.949068100000000000e+12
8.842927000000000000e+12
8.737977000000000000e+12
8.634193400000000000e+12
8.531578100000000000e+12
8.430110000000000000e+12
8.329777700000000000e+12
8.230572700000000000e+12
8.132478700000000000e+12
8.035491000000000000e+12
7.939590000000000000e+12
7.844773800000000000e+12
7.751023300000000000e+12
7.658331400000000000e+12
7.566687100000000000e+12
7.476075600000000000e+12
7.386490800000000000e+12
7.297919300000000000e+12
7.210351000000000000e+12
7.123775500000000000e+12
7.038184600000000000e+12
6.953564600000000000e+12
6.869906400000000000e+12
6.787201900000000000e+12
6.705437700000000000e+12
6.624607100000000000e+12
6.544698200000000000e+12
6.465702500000000000e+12
6.387608100000000000e+12
6.310407200000000000e+12
6.234091800000000000e+12
6.158650400000000000e+12
6.084074000000000000e+12
6.010354000000000000e+12
5.937480000000000000e+12
5.865444700000000000e+12
5.794239000000000000e+12
5.723853100000000000e+12
5.654275900000000000e+12
5.585503600000000000e+12
5.517525200000000000e+12
5.450332200000000000e+12
5.383915900000000000e+12
5.318268300000000000e+12
5.253382700000000000e+12
5.189247100000000000e+12
5.125856900000000000e+12
5.063203800000000000e+12
5.001277400000000000e+12
4.940073500000000000e+12
4.879581000000000000e+12
4.819793200000000000e+12
4.760702600000000000e+12
4.702302900000000000e+12
4.644584200000000000e+12
4.587540100000000000e+12
4.531164600000000000e+12
4.475448100000000000e+12
4.420384400000000000e+12
4.365966800000000000e+12
4.312188600000000000e+12
4.259040800000000000e+12
4.206519100000000000e+12
4.154614400000000000e+12
4.103321600000000000e+12
4.052633300000000000e+12
4.002541100000000000e+12
3.953042000000000000e+12
3.904127600000000000e+12
3.855790400000000000e+12
3.808026600000000000e+12
3.760826800000000000e+12
3.714186900000000000e+12
3.668099600000000000e+12
3.622561200000000000e+12
3.577560900000000000e+12
3.533097500000000000e+12
3.489162200000000000e+12
3.445749000000000000e+12
3.402853700000000000e+12
3.360469800000000000e+12
3.318589900000000000e+12
3.277211200000000000e+12
3.236326500000000000e+12
3.195930700000000000e+12
3.156018000000000000e+12
3.116582600000000000e+12
3.077620700000000000e+12
3.039124000000000000e+12
3.001090800000000000e+12
2.963514100000000000e+12
2.926388000000000000e+12
2.889709200000000000e+12
2.853470800000000000e+12
2.817669600000000000e+12
2.782299500000000000e+12
2.747355900000000000e+12
2.712833600000000000e+12
2.678728600000000000e+12
2.645036000000000000e+12
2.611750800000000000e+12
2.578867900000000000e+12
2.546383600000000000e+12
2.514293200000000000e+12
2.482591400000000000e+12
2.451274600000000000e+12
2.420338600000000000e+12
2.389777700000000000e+12
2.359588900000000000e+12
2.329767200000000000e+12
2.300308700000000000e+12
2.271209700000000000e+12
2.242464500000000000e+12
2.214070600000000000e+12
2.186023700000000000e+12
2.158319000000000000e+12
2.130953600000000000e+12
2.103922400000000000e+12
2.077222300000000000e+12
2.050849400000000000e+12
2.024800100000000000e+12
1.999070400000000000e+12
1.973656400000000000e+12
1.948555100000000000e+12
1.923762000000000000e+12
1.899274100000000000e+12
1.875087700000000000e+12
1.851199300000000000e+12
1.827605400000000000e+12
1.804301900000000000e+12
1.781286400000000000e+12
1.758554900000000000e+12
1.736104100000000000e+12
1.713931100000000000e+12
1.692031700000000000e+12
1.670403400000000000e+12
1.649042500000000000e+12
1.627946500000000000e+12
1.607111500000000000e+12
1.586534900000000000e+12
1.566213500000000000e+12
1.546144400000000000e+12
1.526324400000000000e+12
1.506750700000000000e+12
1.487420300000000000e+12
1.468330000000000000e+12
1.449477600000000000e+12
1.430859900000000000e+12
1.412473700000000000e+12
1.394316700000000000e+12
1.376386000000000000e+12
1.358679200000000000e+12
1.341193200000000000e+12
1.323925100000000000e+12
1.306873100000000000e+12
1.290033900000000000e+12
1.273405300000000000e+12
1.256984500000000000e+12
1.240769100000000000e+12
1.224756800000000000e+12
1.208945200000000000e+12
1.193331400000000000e+12
1.177913400000000000e+12
1.162688900000000000e+12
1.147655400000000000e+12
1.132810500000000000e+12
1.118152300000000000e+12
1.103678200000000000e+12
1.089386700000000000e+12
1.075274500000000000e+12
1.061340500000000000e+12
1.047581600000000000e+12
1.033996600000000000e+12
1.020582600000000000e+12
1.007338000000000000e+12
9.942611500000000000e+11
9.813492900000000000e+11
9.686005700000000000e+11
9.560135000000000000e+11
9.435854600000000000e+11
9.313150000000000000e+11
9.192003000000000000e+11
9.072391400000000000e+11
8.954294900000000000e+11
8.837701700000000000e+11
8.722586000000000000e+11
8.608934900000000000e+11
8.496727300000000000e+11
8.385947900000000000e+11
8.276578200000000000e+11
8.168597800000000000e+11
8.061995500000000000e+11
7.956749800000000000e+11
7.852846400000000000e+11
7.750266200000000000e+11
7.648993700000000000e+11
7.549014100000000000e+11
7.450310600000000000e+11
7.352866500000000000e+11
7.256669400000000000e+11
7.161698900000000000e+11
7.067946200000000000e+11
6.975392700000000000e+11
6.884024100000000000e+11
6.793825600000000000e+11
6.704784600000000000e+11
6.616882700000000000e+11
6.530109600000000000e+11
6.444449400000000000e+11
6.359889500000000000e+11
6.276413800000000000e+11
6.194008000000000000e+11
6.112665500000000000e+11
6.032365000000000000e+11
5.953095000000000000e+11
5.874847800000000000e+11
5.797602500000000000e+11
5.721350300000000000e+11
5.646079800000000000e+11
5.571776000000000000e+11
5.498427700000000000e+11
5.426023600000000000e+11
5.354549900000000000e+11
5.283995900000000000e+11
5.214350200000000000e+11
5.145600400000000000e+11
5.077735800000000000e+11
5.010745500000000000e+11
4.944618300000000000e+11
4.879342900000000000e+11
4.814909400000000000e+11
4.751307400000000000e+11
4.688525200000000000e+11
4.626554300000000000e+11
4.565382300000000000e+11
4.505000100000000000e+11
4.445398700000000000e+11
4.386567800000000000e+11
4.328497400000000000e+11
4.271178800000000000e+11
4.214600000000000000e+11
4.158754600000000000e+11
4.103632600000000000e+11
4.049224000000000000e+11
3.995521100000000000e+11
3.942514700000000000e+11
3.890194300000000000e+11
3.838553100000000000e+11
3.787582500000000000e+11
3.737273200000000000e+11
3.687617800000000000e+11
3.638607000000000000e+11
3.590233600000000000e+11
3.542489400000000000e+11
3.495366000000000000e+11
3.448855300000000000e+11
3.402952300000000000e+11
3.357646500000000000e+11
3.312930800000000000e+11
3.268798600000000000e+11
3.225243100000000000e+11
3.182255300000000000e+11
3.139828700000000000e+11
3.097957100000000000e+11
3.056631700000000000e+11
3.015845400000000000e+11
2.975592600000000000e+11
2.935865800000000000e+11
2.896657600000000000e+11
2.857962800000000000e+11
2.819773000000000000e+11
2.782083200000000000e+11
2.744886000000000000e+11
2.708175800000000000e+11
2.671946000000000000e+11
2.636190700000000000e+11
2.600903500000000000e+11
2.566078300000000000e+11
2.531709700000000000e+11
2.497791100000000000e+11
2.464316500000000000e+11
2.431280800000000000e+11
2.398677800000000000e+11
2.366501400000000000e+11
2.334746600000000000e+11
2.303407800000000000e+11
2.272479200000000000e+11
2.241955700000000000e+11
2.211831700000000000e+11
2.182102200000000000e+11
2.152761800000000000e+11
2.123805000000000000e+11
2.095228300000000000e+11
2.067025900000000000e+11
2.039192600000000000e+11
2.011724400000000000e+11
1.984616400000000000e+11
1.957863700000000000e+11
1.931462400000000000e+11
1.905407600000000000e+11
1.879694800000000000e+11
1.854320200000000000e+11
1.829279100000000000e+11
1.804566700000000000e+11
1.780179600000000000e+11
1.756113500000000000e+11
1.732364000000000000e+11
1.708927300000000000e+11
1.685799200000000000e+11
1.662976000000000000e+11
1.640453500000000000e+11
1.618227800000000000e+11
1.596295200000000000e+11
1.574652500000000000e+11
1.553295400000000000e+11
1.532220100000000000e+11
1.511423400000000000e+11
1.490901300000000000e+11
1.470650400000000000e+11
1.450667100000000000e+11
1.430947800000000000e+11
1.411489200000000000e+11
1.392289000000000000e+11
1.373342000000000000e+11
1.354646100000000000e+11
1.336198000000000000e+11
1.317993700000000000e+11
1.300030500000000000e+11
1.282305100000000000e+11
1.264813800000000000e+11
1.247553900000000000e+11
1.230522200000000000e+11
1.213715600000000000e+11
1.197131100000000000e+11
1.180766100000000000e+11
1.164617400000000000e+11
1.148681900000000000e+11
1.132957500000000000e+11
1.117440300000000000e+11
1.102129100000000000e+11
1.087019900000000000e+11
1.072110200000000000e+11
1.057397400000000000e+11
1.042879100000000000e+11
1.028552500000000000e+11
1.014415000000000000e+11
1.000464100000000000e+11
9.866976000000000000e+10
9.731130300000000000e+10
9.597076500000000000e+10
9.464795100000000000e+10
9.334258000000000000e+10
9.205449400000000000e+10
9.078344000000000000e+10
8.952918600000000000e+10
8.829150300000000000e+10
8.707021900000000000e+10
8.586511000000000000e+10
8.467592300000000000e+10
8.350249400000000000e+10
8.234459900000000000e+10
8.120205300000000000e+10
8.007466000000000000e+10
7.896220700000000000e+10
7.786452800000000000e+10
7.678141400000000000e+10
7.571269600000000000e+10
7.465817800000000000e+10
7.361768900000000000e+10
7.259106600000000000e+10
7.157811500000000000e+10
7.057867200000000000e+10
6.959255800000000000e+10
6.861960900000000000e+10
6.765963900000000000e+10
6.671252100000000000e+10
6.577803900000000000e+10
6.485606700000000000e+10
6.394644800000000000e+10
6.304901800000000000e+10
6.216360300000000000e+10
6.129009300000000000e+10
6.042828800000000000e+10
5.957806500000000000e+10
5.873926700000000000e+10
5.791175700000000000e+10
5.709536400000000000e+10
5.628995200000000000e+10
5.549537800000000000e+10
5.471148300000000000e+10
5.393815400000000000e+10
5.317521500000000000e+10
5.242257900000000000e+10
5.168008100000000000e+10
5.094758800000000000e+10
5.022496700000000000e+10
4.951211100000000000e+10
4.880885400000000000e+10
4.811509700000000000e+10
4.743071300000000000e+10
4.675555600000000000e+10
4.608951500000000000e+10
4.543251200000000000e+10
4.478437800000000000e+10
4.414502900000000000e+10
4.351433400000000000e+10
4.289219500000000000e+10
4.227851300000000000e+10
4.167316100000000000e+10
4.107602700000000000e+10
4.048702500000000000e+10
3.990601700000000000e+10
3.933293400000000000e+10
3.876766600000000000e+10
3.821011300000000000e+10
3.766018200000000000e+10
3.711778300000000000e+10
3.658282400000000000e+10
3.605521800000000000e+10
3.553486200000000000e+10
3.502166600000000000e+10
3.451553400000000000e+10
3.401637800000000000e+10
3.352411500000000000e+10
3.303865700000000000e+10
3.255992000000000000e+10
3.208782200000000000e+10
3.162229100000000000e+10
3.116324500000000000e+10
3.071060400000000000e+10
3.026429800000000000e+10
2.982424200000000000e+10
2.939035900000000000e+10
2.896256600000000000e+10
2.854078800000000000e+10
2.812496000000000000e+10
2.771499600000000000e+10
2.731083100000000000e+10
2.691239500000000000e+10
2.651961500000000000e+10
2.613241400000000000e+10
2.575073200000000000e+10
2.537448900000000000e+10
2.500361200000000000e+10
2.463804200000000000e+10
2.427769600000000000e+10
2.392251600000000000e+10
2.357243200000000000e+10
2.322736900000000000e+10
2.288727100000000000e+10
2.255206200000000000e+10
2.222167900000000000e+10
2.189605900000000000e+10
2.157513800000000000e+10
2.125885500000000000e+10
2.094714200000000000e+10
2.063993900000000000e+10
2.033719200000000000e+10
2.003883400000000000e+10
1.974481300000000000e+10
1.945506800000000000e+10
1.916954100000000000e+10
1.888817700000000000e+10
1.861092100000000000e+10
1.833771900000000000e+10
1.806851500000000000e+10
1.780325500000000000e+10
1.754189100000000000e+10
1.728436200000000000e+10
1.703062100000000000e+10
1.678062400000000000e+10
1.653431700000000000e+10
1.629164800000000000e+10
1.605257200000000000e+10
1.581703900000000000e+10
1.558500200000000000e+10
1.535640800000000000e+10
1.513120700000000000e+10
1.490934800000000000e+10
1.469079300000000000e+10
1.447548400000000000e+10
1.426338000000000000e+10
1.405443700000000000e+10
1.384860600000000000e+10
1.364584400000000000e+10
1.344610100000000000e+10
1.324933700000000000e+10
1.305550500000000000e+10
1.286455200000000000e+10
1.267644700000000000e+10
1.249113800000000000e+10
1.230858600000000000e+10
1.212874900000000000e+10
1.195159000000000000e+10
1.177706300000000000e+10
1.160513200000000000e+10
1.143575900000000000e+10
1.126890200000000000e+10
1.110452300000000000e+10
1.094258600000000000e+10
1.078304900000000000e+10
1.062588300000000000e+10
1.047104900000000000e+10
1.031850700000000000e+10
1.016822300000000000e+10
1.002016600000000000e+10
9.874296400000000000e+09
9.730588600000000000e+09
9.588997800000000000e+09
9.449503400000000000e+09
9.312061600000000000e+09
9.176644500000000000e+09
9.043223200000000000e+09
8.911764200000000000e+09
8.782235000000000000e+09
8.654607500000000000e+09
8.528851900000000000e+09
8.404935700000000000e+09
8.282832800000000000e+09
8.162511500000000000e+09
8.043945800000000000e+09
7.927109500000000000e+09
7.811974300000000000e+09
7.698508000000000000e+09
7.586688700000000000e+09
7.476489500000000000e+09
7.367885700000000000e+09
7.260850200000000000e+09
7.155358800000000000e+09
7.051388700000000000e+09
6.948914400000000000e+09
6.847911000000000000e+09
6.748359200000000000e+09
6.650232700000000000e+09
6.553512500000000000e+09
6.458174400000000000e+09
6.364197900000000000e+09
6.271560200000000000e+09
6.180241200000000000e+09
6.090221500000000000e+09
6.001482300000000000e+09
5.914002200000000000e+09
5.827760800000000000e+09
5.742740400000000000e+09
5.658920400000000000e+09
5.576281800000000000e+09
5.494808800000000000e+09
5.414481700000000000e+09
5.335283900000000000e+09
5.257197700000000000e+09
5.180207100000000000e+09
5.104293600000000000e+09
5.029442700000000000e+09
4.955637300000000000e+09
4.882863300000000000e+09
4.811103500000000000e+09
4.740344800000000000e+09
4.670569200000000000e+09
4.601765400000000000e+09
4.533916700000000000e+09
4.467011000000000000e+09
4.401033300000000000e+09
4.335970200000000000e+09
4.271809000000000000e+09
4.208537300000000000e+09
4.146140500000000000e+09
4.084607100000000000e+09
4.023924900000000000e+09
3.964082300000000000e+09
3.905066100000000000e+09
3.846865800000000000e+09
3.789468900000000000e+09
3.732864000000000000e+09
3.677039200000000000e+09
3.621985000000000000e+09
3.567687900000000000e+09
3.514139400000000000e+09
3.461328100000000000e+09
3.409243700000000000e+09
3.357877500000000000e+09
3.307216800000000000e+09
3.257254100000000000e+09
3.207980200000000000e+09
3.159384700000000000e+09
3.111459100000000000e+09
3.064192600000000000e+09
3.017578500000000000e+09
2.971606100000000000e+09
2.926268600000000000e+09
2.881555800000000000e+09
2.837460700000000000e+09
2.793974900000000000e+09
2.751089400000000000e+09
2.708798300000000000e+09
2.667092500000000000e+09
2.625964300000000000e+09
2.585406400000000000e+09
2.545410800000000000e+09
2.505971400000000000e+09
2.467080000000000000e+09
2.428730500000000000e+09
2.390915500000000000e+09
2.353626800000000000e+09
2.316859600000000000e+09
2.280605000000000000e+09
2.244857400000000000e+09
2.209609800000000000e+09
2.174856600000000000e+09
2.140591200000000000e+09
2.106806300000000000e+09
2.073497000000000000e+09
2.040657000000000000e+09
2.008280300000000000e+09
1.976361000000000000e+09
1.944893700000000000e+09
1.913872500000000000e+09
1.883291600000000000e+09
1.853146100000000000e+09
1.823429600000000000e+09
1.794137400000000000e+09
1.765264800000000000e+09
1.736805300000000000e+09
1.708754700000000000e+09
1.681107200000000000e+09
1.653858600000000000e+09
1.627003300000000000e+09
1.600537000000000000e+09
1.574454800000000000e+09
1.548752400000000000e+09
1.523424200000000000e+09
1.498465900000000000e+09
1.473873300000000000e+09
1.449641200000000000e+09
1.425765600000000000e+09
1.402242000000000000e+09
1.379065900000000000e+09
1.356233500000000000e+09
1.333740000000000000e+09
1.311581700000000000e+09
1.289754100000000000e+09
1.268253200000000000e+09
1.247074800000000000e+09
1.226215200000000000e+09
1.205669700000000000e+09
1.185434900000000000e+09
1.165506700000000000e+09
1.145880900000000000e+09
1.126553600000000000e+09
1.107521500000000000e+09
1.088779900000000000e+09
1.070325700000000000e+09
1.052154600000000000e+09
1.034262700000000000e+09
1.016646900000000000e+09
9.993026000000000000e+08
9.822264500000000000e+08
9.654152100000000000e+08
9.488649100000000000e+08
9.325719400000000000e+08
9.165332900000000000e+08
9.007450400000000000e+08
8.852037700000000000e+08
8.699062700000000000e+08
8.548492900000000000e+08
8.400295600000000000e+08
8.254438900000000000e+08
8.110891200000000000e+08
7.969622400000000000e+08
7.830601500000000000e+08
7.693797200000000000e+08
7.559186200000000000e+08
7.426728800000000000e+08
7.296403100000000000e+08
7.168178000000000000e+08
7.042026800000000000e+08
6.917920000000000000e+08
6.795830600000000000e+08
6.675730100000000000e+08
6.557592400000000000e+08
6.441386100000000000e+08
6.327086000000000000e+08
6.214667200000000000e+08
6.104097100000000000e+08
5.995354700000000000e+08
5.888410400000000000e+08
5.783240200000000000e+08
5.679816800000000000e+08
5.578116400000000000e+08
5.478111600000000000e+08
5.379781400000000000e+08
5.283094400000000000e+08
5.188029600000000000e+08
5.094561500000000000e+08
5.002666700000000000e+08
4.912321500000000000e+08
4.823502400000000000e+08
4.736185100000000000e+08
4.650346200000000000e+08
4.565965200000000000e+08
4.483017000000000000e+08
4.401479700000000000e+08
4.321331500000000000e+08
4.242547100000000000e+08
4.165109100000000000e+08
4.088995600000000000e+08
4.014183900000000000e+08
3.940656300000000000e+08
3.868390000000000000e+08
3.797366200000000000e+08
3.727565100000000000e+08
3.658966700000000000e+08
3.591552100000000000e+08
3.525303300000000000e+08
3.460200700000000000e+08
3.396226400000000000e+08
3.333363300000000000e+08
3.271593000000000000e+08
3.210897300000000000e+08
3.151262400000000000e+08
3.092668800000000000e+08
3.035099100000000000e+08
2.978538400000000000e+08
2.922969300000000000e+08
2.868375700000000000e+08
2.814741700000000000e+08
2.762051300000000000e+08
2.710289000000000000e+08
2.659440200000000000e+08
2.609489900000000000e+08
2.560423500000000000e+08
2.512226100000000000e+08
2.464884900000000000e+08
2.418383700000000000e+08
2.372711300000000000e+08
2.327852100000000000e+08
2.283793600000000000e+08
2.240522400000000000e+08
2.198025500000000000e+08
2.156290600000000000e+08
2.115304200000000000e+08
2.075054800000000000e+08
2.035530100000000000e+08
1.996716900000000000e+08
1.958604700000000000e+08
1.921180200000000000e+08
1.884432400000000000e+08
1.848349800000000000e+08
1.812921100000000000e+08
1.778134300000000000e+08
1.743979400000000000e+08
1.710445600000000000e+08
1.677522400000000000e+08
1.645199200000000000e+08
1.613466200000000000e+08
1.582314400000000000e+08
1.551733300000000000e+08
1.521712800000000000e+08
1.492245200000000000e+08
1.463318900000000000e+08
1.434926200000000000e+08
1.407056700000000000e+08
1.379701600000000000e+08
1.352851800000000000e+08
1.326499000000000000e+08
1.300633700000000000e+08
1.275248100000000000e+08
1.250333400000000000e+08
1.225882300000000000e+08
1.201886300000000000e+08
1.178337800000000000e+08
1.155229100000000000e+08
1.132553100000000000e+08
1.110301300000000000e+08
1.088466800000000000e+08
1.067042200000000000e+08
1.046020100000000000e+08
1.025394000000000000e+08
1.005156300000000000e+08
9.853005800000000000e+07
9.658197100000000000e+07
9.467072200000000000e+07
9.279568600000000000e+07
9.095616400000000000e+07
8.915155200000000000e+07
8.738127500000000000e+07
8.564468600000000000e+07
8.394121000000000000e+07
8.227024200000000000e+07
8.063113600000000000e+07
7.902341900000000000e+07
7.744646400000000000e+07
7.589971900000000000e+07
7.438265300000000000e+07
7.289472700000000000e+07
7.143541000000000000e+07
7.000422200000000000e+07
6.860062400000000000e+07
6.722412200000000000e+07
6.587423600000000000e+07
6.455047000000000000e+07
6.325235900000000000e+07
6.197943000000000000e+07
6.073121400000000000e+07
5.950726700000000000e+07
5.830712300000000000e+07
5.713034600000000000e+07
5.597651400000000000e+07
5.484518600000000000e+07
5.373594500000000000e+07
5.264839300000000000e+07
5.158212300000000000e+07
5.053675000000000000e+07
4.951188700000000000e+07
4.850714000000000000e+07
4.752215300000000000e+07
4.655656100000000000e+07
4.560998800000000000e+07
4.468208500000000000e+07
4.377249600000000000e+07
4.288088500000000000e+07
4.200689400000000000e+07
4.115021900000000000e+07
4.031051100000000000e+07
3.948746200000000000e+07
3.868072600000000000e+07
3.789001500000000000e+07
3.711503500000000000e+07
3.635545700000000000e+07
3.561102100000000000e+07
3.488141400000000000e+07
3.416636200000000000e+07
3.346559200000000000e+07
3.277883300000000000e+07
3.210579600000000000e+07
3.144624100000000000e+07
3.079988500000000000e+07
3.016649100000000000e+07
2.954580500000000000e+07
2.893757500000000000e+07
2.834157600000000000e+07
2.775755500000000000e+07
2.718529900000000000e+07
2.662455900000000000e+07
2.607512900000000000e+07
2.553677000000000000e+07
2.500928200000000000e+07
2.449244900000000000e+07
2.398607300000000000e+07
2.348993600000000000e+07
2.300385300000000000e+07
2.252762200000000000e+07
2.206103100000000000e+07
2.160391700000000000e+07
2.115608000000000000e+07
2.071733100000000000e+07
2.028750000000000000e+07
1.986641500000000000e+07
1.945390200000000000e+07
1.904978700000000000e+07
1.865390700000000000e+07
1.826610200000000000e+07
1.788621600000000000e+07
1.751407800000000000e+07
1.714955000000000000e+07
1.679248100000000000e+07
1.644271500000000000e+07
1.610011200000000000e+07
1.576452100000000000e+07
1.543581300000000000e+07
1.511384400000000000e+07
1.479848100000000000e+07
1.448958800000000000e+07
1.418704300000000000e+07
1.389071400000000000e+07
1.360047500000000000e+07
1.331620900000000000e+07
1.303779400000000000e+07
1.276511700000000000e+07
1.249805700000000000e+07
1.223651000000000000e+07
1.198035500000000000e+07
1.172948900000000000e+07
1.148380600000000000e+07
1.124320200000000000e+07
1.100757200000000000e+07
1.077681000000000000e+07
1.055082800000000000e+07
1.032952300000000000e+07
1.011280100000000000e+07
9.900570099999999627e+06
9.692738800000000745e+06
9.489219300000000745e+06
9.289923599999999627e+06
9.094766000000000000e+06
8.903661199999999255e+06
8.716529900000000373e+06
8.533290400000000373e+06
8.353861599999999627e+06
8.178168200000000186e+06
8.006133599999999627e+06
7.837678799999999814e+06
7.672738299999999814e+06
7.511234299999999814e+06
7.353098200000000186e+06
7.198262700000000186e+06
7.046660799999999814e+06
6.898219900000000373e+06
6.752884000000000000e+06
6.610583599999999627e+06
6.471262200000000186e+06
6.334852500000000000e+06
6.201299099999999627e+06
6.070542000000000000e+06
5.942522400000000373e+06
5.817185000000000000e+06
5.694475000000000000e+06
5.574336200000000186e+06
5.456717599999999627e+06
5.341565599999999627e+06
5.228831900000000373e+06
5.118464299999999814e+06
5.010414500000000000e+06
4.904635299999999814e+06
4.801081099999999627e+06
4.699701500000000000e+06
4.600456599999999627e+06
4.503299799999999814e+06
4.408187599999999627e+06
4.315078099999999627e+06
4.223929900000000373e+06
4.134700700000000186e+06
4.047353299999999814e+06
3.961846200000000186e+06
3.878142700000000186e+06
3.796204500000000000e+06
3.715995500000000000e+06
3.637479899999999907e+06
3.560621100000000093e+06
3.485388299999999814e+06
3.411743100000000093e+06
3.339655200000000186e+06
3.269092100000000093e+06
3.200020500000000000e+06
3.132410899999999907e+06
3.066232200000000186e+06
3.001454600000000093e+06
2.938048700000000186e+06
2.875985299999999814e+06
2.815236000000000000e+06
2.755774600000000093e+06
2.697573299999999814e+06
2.640605299999999814e+06
2.584844200000000186e+06
2.530267500000000000e+06
2.476848100000000093e+06
2.424563000000000000e+06
2.373388299999999814e+06
2.323301000000000000e+06
2.274278600000000093e+06
2.226297700000000186e+06
2.179337100000000093e+06
2.133376000000000000e+06
2.088391100000000093e+06
2.044364199999999953e+06
2.001273500000000000e+06
1.959100199999999953e+06
1.917824199999999953e+06
1.877426100000000093e+06
1.837888600000000093e+06
1.799193300000000047e+06
1.761323300000000047e+06
1.724260899999999907e+06
1.687989399999999907e+06
1.652491199999999953e+06
1.617751399999999907e+06
1.583753300000000047e+06
1.550481899999999907e+06
1.517920100000000093e+06
1.486054500000000000e+06
1.454869399999999907e+06
1.424350899999999907e+06
1.394484600000000093e+06
1.365257000000000000e+06
1.336654100000000093e+06
1.308663199999999953e+06
1.281271199999999953e+06
1.254466000000000000e+06
1.228235500000000000e+06
1.202567199999999953e+06
1.177449000000000000e+06
1.152869800000000047e+06
1.128818100000000093e+06
1.105282600000000093e+06
1.082252500000000000e+06
1.059717199999999953e+06
1.037666000000000000e+06
1.016088599999999977e+06
9.949751500000000233e+05
9.743160899999999674e+05
9.541010999999999767e+05
9.343210100000000093e+05
9.149667900000000373e+05
8.960292900000000373e+05
8.774997600000000093e+05
8.593697199999999721e+05
8.416314499999999534e+05
8.242759000000000233e+05
8.072955200000000186e+05
7.906822900000000373e+05
7.744284899999999907e+05
7.585266500000000233e+05
7.429694599999999627e+05
7.277494100000000326e+05
7.128596199999999953e+05
6.982925799999999581e+05
6.840421099999999860e+05
6.701010300000000279e+05
6.564628199999999488e+05
6.431211500000000233e+05
6.300696199999999953e+05
6.173026999999999534e+05
6.048142600000000093e+05
5.925986099999999860e+05
5.806504599999999627e+05
5.689641999999999534e+05
5.575341800000000512e+05
5.463551800000000512e+05
5.354220300000000279e+05
5.247295000000000000e+05
5.142728699999999953e+05
5.040467999999999884e+05
4.940468400000000256e+05
4.842680100000000093e+05
4.747058099999999977e+05
4.653557800000000279e+05
4.562135399999999790e+05
4.472746599999999744e+05
4.385349000000000233e+05
4.299904799999999814e+05
4.216376500000000233e+05
4.134722899999999790e+05
4.054910200000000186e+05
3.976899400000000023e+05
3.900657600000000093e+05
3.826148400000000256e+05
3.753335399999999790e+05
3.682188200000000070e+05
3.612670700000000070e+05
3.544751599999999744e+05
3.478400000000000000e+05
3.413584000000000233e+05
3.350271799999999930e+05
3.288433800000000047e+05
3.228043400000000256e+05
3.169070300000000279e+05
3.111486500000000233e+05
3.055265000000000000e+05
3.000378400000000256e+05
2.946802600000000093e+05
2.894513200000000070e+05
2.843487700000000186e+05
2.793701400000000140e+05
2.745130999999999767e+05
2.697755100000000093e+05
2.651551900000000023e+05
2.606498399999999965e+05
2.562574100000000035e+05
2.519756199999999953e+05
2.478024899999999907e+05
2.437358500000000058e+05
2.397737500000000000e+05
2.359141900000000023e+05
2.321550700000000070e+05
2.284945100000000093e+05
2.249305700000000070e+05
2.214613200000000070e+05
2.180848900000000140e+05
2.147994299999999930e+05
2.116030499999999884e+05
2.084939599999999919e+05
2.054703299999999872e+05
2.025303699999999953e+05
1.996722399999999907e+05
1.968942799999999988e+05
1.941946700000000128e+05
1.915715899999999965e+05
1.890233999999999942e+05
1.865484100000000035e+05
1.841449200000000128e+05
1.818112699999999895e+05
1.795456900000000023e+05
1.773464800000000105e+05
1.752118500000000058e+05
1.731402799999999988e+05
1.711299800000000105e+05
1.691792300000000105e+05
1.672862200000000012e+05
1.654492200000000012e+05
1.636666300000000047e+05
1.619367300000000105e+05
1.602578299999999872e+05
1.586280100000000093e+05
1.570455899999999965e+05
1.555088900000000140e+05
1.540162799999999988e+05
1.525660700000000070e+05
1.511563599999999860e+05
1.497853399999999965e+05
1.484511600000000035e+05
1.471522399999999907e+05
1.458869400000000023e+05
1.446532699999999895e+05
1.434492999999999884e+05
1.422731099999999860e+05
1.411230199999999895e+05
1.399972500000000000e+05
1.388939500000000116e+05
1.378111600000000035e+05
1.367469299999999930e+05
1.356995700000000070e+05
1.346676199999999953e+05
1.336496799999999930e+05
1.326447999999999884e+05
1.316522900000000081e+05
1.306717500000000000e+05
1.297036499999999942e+05
1.287491100000000006e+05
1.278098000000000029e+05
1.268877400000000052e+05
1.259844700000000012e+05
1.251010399999999936e+05
1.242382400000000052e+05
1.233961100000000006e+05
1.225733099999999977e+05
1.217675399999999936e+05
1.209762100000000064e+05
1.201961799999999930e+05
1.194240899999999965e+05
1.186562799999999988e+05
1.178891199999999953e+05
1.171188399999999965e+05
1.163417299999999959e+05
1.155541399999999994e+05
1.147525200000000041e+05
1.139337200000000012e+05
1.130953000000000029e+05
1.122353000000000029e+05
1.113517899999999936e+05
1.104426799999999930e+05
1.095062500000000000e+05
1.085413600000000006e+05
1.075472700000000041e+05
1.065237200000000012e+05
1.054708099999999977e+05
1.043889499999999971e+05
1.032788699999999953e+05
1.021414799999999959e+05
1.009779100000000035e+05
9.978941800000000512e+04
9.857742399999999907e+04
9.734334600000000501e+04
9.608871899999999732e+04
9.481525599999999395e+04
9.352490300000000570e+04
9.221962900000000081e+04
9.090136599999999453e+04
8.957203999999999360e+04
8.823354799999999523e+04
8.688785199999999895e+04
8.553682600000000093e+04
8.418241000000000349e+04
8.282653900000000431e+04
8.147106500000000233e+04
8.011767200000000594e+04
7.876791099999999278e+04
7.742316700000000128e+04
7.608475999999999476e+04
7.262547500000000582e+04
6.923121300000000338e+04
6.591771000000000640e+04
6.269883800000000338e+04
5.958534999999999854e+04
5.658427700000000186e+04
5.370031900000000314e+04
5.093656300000000192e+04
4.829391300000000047e+04
4.577273000000000320e+04
4.337261899999999878e+04
4.109155299999999988e+04
3.892606100000000151e+04
3.687156900000000314e+04
3.492269900000000052e+04
3.307283699999999953e+04
3.131416500000000087e+04
2.964435099999999875e+04
2.806359600000000137e+04
2.656722699999999895e+04
2.515031599999999889e+04
2.380922100000000137e+04
2.253932700000000114e+04
2.133515599999999904e+04
2.019447000000000116e+04
1.911630500000000029e+04
1.809674699999999939e+04
1.713123300000000017e+04
1.621639899999999943e+04
1.534891500000000087e+04
1.452607500000000073e+04
1.374592000000000007e+04
1.300638800000000083e+04
1.230535499999999956e+04
1.164073799999999937e+04
1.101057599999999911e+04
1.041305299999999988e+04
9.846521800000000439e+03
9.309504300000000512e+03
8.800585999999999331e+03
8.318441000000000713e+03
7.861811599999999999e+03
7.429481899999999769e+03
7.020299899999999980e+03
6.633151399999999740e+03
6.266949599999999919e+03
5.920626699999999801e+03
5.593137099999999919e+03
5.283557999999999993e+03
4.991043999999999869e+03
4.714737900000000081e+03
4.453801800000000185e+03
4.207418399999999565e+03
3.974809799999999996e+03
3.755231200000000172e+03
3.547971500000000106e+03
3.352357700000000023e+03
3.167747600000000148e+03
2.993532499999999800e+03
2.829134000000000015e+03
2.674003900000000158e+03
2.527626600000000053e+03
2.389510099999999966e+03
2.259191299999999956e+03
2.136238299999999981e+03
2.020243500000000040e+03
1.910823499999999967e+03
1.807612800000000107e+03
1.710269299999999930e+03
1.618466400000000021e+03
1.531898100000000113e+03
1.450275200000000041e+03
1.373324800000000096e+03
1.300788900000000012e+03
1.232423399999999901e+03
1.167999800000000050e+03
1.107301699999999983e+03
1.050124800000000050e+03
9.962772800000000188e+02
9.455763899999999467e+02
