1.391099999999999932e-03
1.409799999999999899e-03
1.428800000000000035e-03
1.448000000000000068e-03
1.467399999999999998e-03
1.487199999999999937e-03
1.507199999999999989e-03
1.527399999999999938e-03
1.547999999999999897e-03
1.568799999999999969e-03
1.589899999999999994e-03
1.611299999999999972e-03
1.632900000000000063e-03
1.654899999999999947e-03
1.677200000000000002e-03
1.699699999999999952e-03
1.722599999999999913e-03
1.745699999999999986e-03
1.769200000000000069e-03
1.793000000000000106e-03
1.817100000000000095e-03
1.841600000000000095e-03
1.866299999999999990e-03
1.891399999999999896e-03
1.916900000000000028e-03
1.942600000000000056e-03
1.968800000000000151e-03
1.995199999999999925e-03
2.022100000000000199e-03
2.049299999999999993e-03
2.076800000000000174e-03
2.104799999999999987e-03
2.133100000000000187e-03
2.161800000000000180e-03
2.190800000000000126e-03
2.220300000000000138e-03
2.250100000000000103e-03
2.280400000000000135e-03
2.311099999999999960e-03
2.342200000000000011e-03
2.373699999999999855e-03
2.405599999999999926e-03
2.437899999999999789e-03
2.470700000000000153e-03
2.503899999999999876e-03
2.537600000000000099e-03
2.571700000000000114e-03
2.606300000000000196e-03
2.641399999999999911e-03
2.676899999999999853e-03
2.712899999999999860e-03
2.749399999999999934e-03
2.786400000000000075e-03
2.823800000000000008e-03
2.861799999999999847e-03
2.900300000000000187e-03
2.939300000000000159e-03
2.978800000000000198e-03
3.018900000000000142e-03
3.059500000000000153e-03
3.100599999999999797e-03
3.142300000000000215e-03
3.184600000000000104e-03
3.227400000000000060e-03
3.270799999999999923e-03
3.314800000000000125e-03
3.359399999999999799e-03
3.404599999999999814e-03
3.450299999999999895e-03
3.496700000000000155e-03
3.543800000000000162e-03
3.591399999999999801e-03
3.639700000000000053e-03
3.688700000000000052e-03
3.738299999999999956e-03
3.788500000000000201e-03
3.839500000000000031e-03
3.891100000000000201e-03
3.943499999999999957e-03
3.996500000000000052e-03
4.050200000000000328e-03
4.104700000000000189e-03
4.159900000000000229e-03
4.215899999999999856e-03
4.272500000000000256e-03
4.329999999999999648e-03
4.388200000000000087e-03
4.447200000000000111e-03
4.507099999999999995e-03
4.567700000000000059e-03
4.629099999999999708e-03
4.691299999999999810e-03
4.754399999999999772e-03
4.818399999999999593e-03
4.883199999999999867e-03
4.948799999999999727e-03
5.015399999999999719e-03
5.082800000000000165e-03
5.151199999999999876e-03
5.220400000000000040e-03
5.290699999999999743e-03
5.361799999999999899e-03
5.433900000000000188e-03
5.506999999999999743e-03
5.581000000000000023e-03
5.656099999999999843e-03
5.732100000000000389e-03
5.809199999999999607e-03
5.887299999999999825e-03
5.966499999999999582e-03
6.046700000000000338e-03
6.127999999999999767e-03
6.210399999999999601e-03
6.293899999999999842e-03
6.378599999999999895e-03
6.464300000000000081e-03
6.551200000000000079e-03
6.639299999999999889e-03
6.728600000000000379e-03
6.819099999999999814e-03
6.910699999999999656e-03
7.003699999999999856e-03
7.097799999999999596e-03
7.193299999999999694e-03
7.289999999999999605e-03
7.387999999999999602e-03
7.487299999999999685e-03
7.587899999999999853e-03
7.689900000000000381e-03
7.793300000000000401e-03
7.898099999999999912e-03
8.004199999999999510e-03
8.111800000000000607e-03
8.220899999999999735e-03
8.331399999999999223e-03
8.443300000000000805e-03
8.556799999999999823e-03
8.671800000000000341e-03
8.788400000000000031e-03
8.906499999999999487e-03
9.026100000000000442e-03
9.147399999999999975e-03
9.270300000000000415e-03
9.394899999999999432e-03
9.521099999999999355e-03
9.648999999999999591e-03
9.778600000000000139e-03
9.910000000000000406e-03
1.004309999999999925e-02
1.017799999999999955e-02
1.031469999999999956e-02
1.045319999999999930e-02
1.059350000000000049e-02
1.073580000000000020e-02
1.087989999999999964e-02
1.102589999999999994e-02
1.117390000000000050e-02
1.132389999999999959e-02
1.147579999999999954e-02
1.162979999999999917e-02
1.178580000000000079e-02
1.194390000000000035e-02
1.210409999999999958e-02
1.226640000000000022e-02
1.243089999999999994e-02
1.259749999999999932e-02
1.276640000000000066e-02
1.293749999999999935e-02
1.311080000000000058e-02
1.328640000000000029e-02
1.346439999999999963e-02
1.364459999999999978e-02
1.382730000000000070e-02
1.401230000000000010e-02
1.419980000000000027e-02
1.438970000000000006e-02
1.458210000000000062e-02
1.477709999999999961e-02
1.497449999999999996e-02
1.517450000000000049e-02
1.537720000000000059e-02
1.558239999999999972e-02
1.579030000000000017e-02
1.600089999999999846e-02
1.621430000000000093e-02
1.643029999999999838e-02
1.664910000000000001e-02
1.687079999999999830e-02
1.709520000000000137e-02
1.732250000000000109e-02
1.755270000000000094e-02
1.778580000000000091e-02
1.802190000000000042e-02
1.826090000000000005e-02
1.850289999999999921e-02
1.874800000000000078e-02
1.899599999999999900e-02
1.924719999999999903e-02
1.950150000000000147e-02
1.975879999999999997e-02
2.001939999999999970e-02
2.028309999999999835e-02
2.054989999999999942e-02
2.082010000000000111e-02
2.109340000000000173e-02
2.137000000000000011e-02
2.164989999999999970e-02
2.193300000000000111e-02
2.221949999999999967e-02
2.250929999999999945e-02
2.280240000000000045e-02
2.309889999999999860e-02
2.339880000000000085e-02
2.370200000000000085e-02
2.400870000000000087e-02
2.431869999999999865e-02
2.463210000000000052e-02
2.494889999999999955e-02
2.526909999999999920e-02
2.559279999999999888e-02
2.591979999999999978e-02
2.625030000000000072e-02
2.658419999999999880e-02
2.692140000000000158e-02
2.726200000000000151e-02
2.760610000000000147e-02
2.795339999999999978e-02
2.830420000000000158e-02
2.865820000000000173e-02
2.901559999999999903e-02
2.937630000000000102e-02
2.974030000000000076e-02
3.010749999999999885e-02
3.047789999999999874e-02
3.085150000000000045e-02
3.122830000000000050e-02
3.160820000000000296e-02
3.199119999999999742e-02
3.237729999999999775e-02
3.276629999999999820e-02
3.315839999999999760e-02
3.355339999999999712e-02
3.395129999999999676e-02
3.435200000000000059e-02
3.475550000000000167e-02
3.516180000000000000e-02
3.557079999999999964e-02
3.598239999999999772e-02
3.639669999999999711e-02
3.681349999999999900e-02
3.723270000000000052e-02
3.765450000000000047e-02
3.807859999999999717e-02
3.850499999999999756e-02
3.893370000000000164e-02
3.936470000000000247e-02
3.979780000000000123e-02
4.023299999999999793e-02
4.067019999999999663e-02
4.110950000000000021e-02
4.155060000000000003e-02
4.199370000000000186e-02
4.243859999999999993e-02
4.288530000000000120e-02
4.333370000000000277e-02
4.378370000000000178e-02
4.423540000000000111e-02
4.468860000000000193e-02
4.514340000000000019e-02
4.559959999999999708e-02
4.605719999999999953e-02
4.651620000000000060e-02
4.697660000000000030e-02
4.743809999999999694e-02
4.790099999999999913e-02
4.836499999999999827e-02
4.883019999999999722e-02
4.929639999999999717e-02
4.976379999999999693e-02
5.023210000000000175e-02
5.070149999999999657e-02
5.117180000000000339e-02
5.164300000000000140e-02
5.211520000000000041e-02
5.258820000000000161e-02
5.306199999999999806e-02
5.353669999999999957e-02
5.401210000000000039e-02
5.448820000000000052e-02
5.496510000000000284e-02
5.544269999999999754e-02
5.592099999999999849e-02
5.639990000000000281e-02
5.687949999999999950e-02
5.735969999999999958e-02
5.784050000000000302e-02
5.832180000000000003e-02
5.880380000000000329e-02
5.928630000000000011e-02
5.976929999999999743e-02
6.025289999999999813e-02
6.073699999999999932e-02
6.122160000000000102e-02
6.170660000000000034e-02
6.219220000000000304e-02
6.267820000000000336e-02
6.316479999999999317e-02
6.365170000000000550e-02
6.413919999999999344e-02
6.462710000000000676e-02
6.511540000000000383e-02
6.560420000000000140e-02
6.609339999999999660e-02
6.658300000000000329e-02
6.707309999999999661e-02
6.756360000000000143e-02
6.805460000000000675e-02
6.854599999999999582e-02
6.903779999999999639e-02
6.952999999999999459e-02
7.002269999999999328e-02
7.051580000000000348e-02
7.100940000000000030e-02
7.150339999999999474e-02
7.199780000000000069e-02
7.249269999999999325e-02
7.298810000000000020e-02
7.348390000000000477e-02
7.398009999999999309e-02
7.447689999999999866e-02
7.497410000000000185e-02
7.547180000000000555e-02
7.596990000000000687e-02
7.646859999999999769e-02
7.696780000000000288e-02
7.746740000000000570e-02
7.796759999999999802e-02
7.846839999999999371e-02
7.896960000000000091e-02
7.947139999999999760e-02
7.997379999999999767e-02
8.047669999999999824e-02
8.098020000000000218e-02
8.148429999999999562e-02
8.198900000000000632e-02
8.249430000000000651e-02
8.300019999999999620e-02
8.350680000000000602e-02
8.401400000000000534e-02
8.452189999999999703e-02
8.503040000000000598e-02
8.553959999999999342e-02
8.604950000000000099e-02
8.656010000000000093e-02
8.707139999999999325e-02
8.758349999999999469e-02
8.809630000000000238e-02
8.860990000000000533e-02
8.912420000000000064e-02
8.963930000000000509e-02
9.015520000000000478e-02
9.067200000000000260e-02
9.118950000000000666e-02
9.170799999999999785e-02
9.222719999999999529e-02
9.274739999999999374e-02
9.326840000000000130e-02
9.379039999999999599e-02
9.431319999999999981e-02
9.483700000000000463e-02
9.536179999999999657e-02
9.588750000000000051e-02
9.641420000000000545e-02
9.694189999999999752e-02
9.747060000000000446e-02
9.800040000000000140e-02
9.853119999999999934e-02
9.906310000000000116e-02
9.959610000000000685e-02
1.001302000000000025e-01
1.006654000000000021e-01
1.012017999999999945e-01
1.017393999999999937e-01
1.022780999999999968e-01
1.028180000000000066e-01
1.033591999999999983e-01
1.039015999999999967e-01
1.044452000000000019e-01
1.049902000000000057e-01
1.055364000000000024e-01
1.060839999999999977e-01
1.066329000000000027e-01
1.071832000000000062e-01
1.077348999999999946e-01
1.082879999999999954e-01
1.088425999999999977e-01
1.093984999999999957e-01
1.099559999999999982e-01
1.105150000000000021e-01
1.110754999999999937e-01
1.116375000000000006e-01
1.122010999999999981e-01
1.127662999999999999e-01
1.133331000000000061e-01
1.139016000000000056e-01
1.144716999999999957e-01
1.150435000000000069e-01
1.156171000000000004e-01
1.161922999999999984e-01
1.167693999999999954e-01
1.173481999999999997e-01
1.179288000000000003e-01
1.185113000000000000e-01
1.190955999999999959e-01
1.196818000000000048e-01
1.202700000000000019e-01
1.208599999999999952e-01
1.214520999999999934e-01
1.220461000000000046e-01
1.226422000000000068e-01
1.232401999999999942e-01
1.238404000000000033e-01
1.244427000000000033e-01
1.250469999999999915e-01
1.256536000000000042e-01
1.262622999999999940e-01
1.268731999999999915e-01
1.274862999999999968e-01
1.281017000000000128e-01
1.287194000000000116e-01
1.293393999999999933e-01
1.299617000000000133e-01
1.305863999999999914e-01
1.312134000000000078e-01
1.318429000000000129e-01
1.324748000000000037e-01
1.331091000000000080e-01
1.337460000000000038e-01
1.343853000000000131e-01
1.350271999999999861e-01
1.356716000000000033e-01
1.363186000000000120e-01
1.369682000000000122e-01
1.376204000000000038e-01
1.382752999999999899e-01
1.389328999999999981e-01
1.395930999999999977e-01
1.402560999999999947e-01
1.409218000000000137e-01
1.415901999999999994e-01
1.422614000000000101e-01
1.429353999999999902e-01
1.436121999999999954e-01
1.442919000000000007e-01
1.449744000000000033e-01
1.456597000000000031e-01
1.463479000000000030e-01
1.470391000000000059e-01
1.477331000000000061e-01
1.484300000000000064e-01
1.491299000000000097e-01
1.498327000000000131e-01
1.505383999999999889e-01
1.512470999999999954e-01
1.519588000000000050e-01
1.526734999999999898e-01
1.533912000000000053e-01
1.541117999999999932e-01
1.548354000000000119e-01
1.555620000000000058e-01
1.562916000000000027e-01
1.570242000000000027e-01
1.577598000000000056e-01
1.584984000000000115e-01
1.592398999999999898e-01
1.599845000000000017e-01
1.607320000000000138e-01
1.614823999999999982e-01
1.622358000000000133e-01
1.629922000000000037e-01
1.637513999999999914e-01
1.645136000000000098e-01
1.652787000000000006e-01
1.660465999999999887e-01
1.668174000000000046e-01
1.675910999999999929e-01
1.683675000000000033e-01
1.691468000000000138e-01
1.699287999999999910e-01
1.707135999999999931e-01
1.715010999999999897e-01
1.722913000000000083e-01
1.730841999999999936e-01
1.738796999999999982e-01
1.746777999999999942e-01
1.754785000000000095e-01
1.762817000000000134e-01
1.770875000000000088e-01
1.778956999999999899e-01
1.787063000000000124e-01
1.795193999999999956e-01
1.803347999999999896e-01
1.811524999999999941e-01
1.819726000000000121e-01
1.827948000000000073e-01
1.836193000000000131e-01
1.844459999999999988e-01
1.852748999999999924e-01
1.861057999999999879e-01
1.869387999999999883e-01
1.877738999999999936e-01
1.886108999999999980e-01
1.894499000000000044e-01
1.902909000000000128e-01
1.911335999999999868e-01
1.919782999999999906e-01
1.928246999999999878e-01
1.936728000000000061e-01
1.945226999999999928e-01
1.953741999999999979e-01
1.962273999999999963e-01
1.970821000000000101e-01
1.979383000000000115e-01
1.987960000000000005e-01
1.996552000000000049e-01
2.005157999999999940e-01
2.013776999999999928e-01
2.022410000000000041e-01
2.031054999999999944e-01
2.039711999999999914e-01
2.048381999999999981e-01
2.057063000000000086e-01
2.065755999999999981e-01
2.074458999999999886e-01
2.083173000000000108e-01
2.091897000000000062e-01
2.100631000000000026e-01
2.109373999999999971e-01
2.118125999999999898e-01
2.126887000000000083e-01
2.135656999999999972e-01
2.144435000000000091e-01
2.153220999999999885e-01
2.162013999999999880e-01
2.170815000000000106e-01
2.179621999999999948e-01
2.188437000000000021e-01
2.197256999999999960e-01
2.206085000000000129e-01
2.214917000000000136e-01
2.223756000000000066e-01
2.232599999999999862e-01
2.241449000000000080e-01
2.250303999999999915e-01
2.259162999999999866e-01
2.268025999999999931e-01
2.276893999999999862e-01
2.285765999999999909e-01
2.294642000000000071e-01
2.303522000000000070e-01
2.312404999999999877e-01
2.321291000000000049e-01
2.330181000000000058e-01
2.339073000000000124e-01
2.347969000000000028e-01
2.356866999999999990e-01
2.365767000000000009e-01
2.374670000000000114e-01
2.383576000000000028e-01
2.392482999999999971e-01
2.401391999999999971e-01
2.410304000000000058e-01
2.419216999999999895e-01
2.428132000000000068e-01
2.437050000000000050e-01
2.445969000000000060e-01
2.454890000000000128e-01
2.463814000000000004e-01
2.472740999999999967e-01
2.481669999999999987e-01
2.490603000000000122e-01
2.499539000000000066e-01
2.508480000000000154e-01
2.517424999999999802e-01
2.526377000000000206e-01
2.535335000000000227e-01
2.544299999999999895e-01
2.553273999999999821e-01
2.562257000000000007e-01
2.571251999999999982e-01
2.580258999999999747e-01
2.589278999999999886e-01
2.598313999999999901e-01
2.607365999999999850e-01
2.616435999999999762e-01
2.625524000000000191e-01
2.634634000000000142e-01
2.643764000000000114e-01
2.652917000000000192e-01
2.662093999999999849e-01
2.671294000000000168e-01
2.680518000000000067e-01
2.689766000000000101e-01
2.699037000000000242e-01
2.708330999999999933e-01
2.717646000000000228e-01
2.726980999999999988e-01
2.736334999999999740e-01
2.745704999999999951e-01
2.755087999999999981e-01
2.764482999999999802e-01
2.773885999999999852e-01
2.783295000000000075e-01
2.792707999999999857e-01
2.802121000000000195e-01
2.811532999999999949e-01
2.820940000000000114e-01
2.830341000000000107e-01
2.839733999999999869e-01
2.849116999999999900e-01
2.858488000000000140e-01
2.867848000000000064e-01
2.877194000000000140e-01
2.886525999999999814e-01
2.895844000000000196e-01
2.905148000000000175e-01
2.914437999999999751e-01
2.923714000000000035e-01
2.932974999999999888e-01
2.942223999999999950e-01
2.951459000000000166e-01
2.960682000000000036e-01
2.969893000000000116e-01
2.979093999999999909e-01
2.988283999999999940e-01
2.997464000000000239e-01
3.006635999999999753e-01
3.015799000000000119e-01
3.024954000000000254e-01
3.034103000000000216e-01
3.043244999999999978e-01
3.052382000000000151e-01
3.061514000000000180e-01
3.070641000000000065e-01
3.079763999999999835e-01
3.088883000000000045e-01
3.098000000000000198e-01
3.107113000000000236e-01
3.116225000000000245e-01
3.125335000000000196e-01
3.134443000000000090e-01
3.143549999999999955e-01
3.152656999999999821e-01
3.161763000000000212e-01
3.170868000000000020e-01
3.179973999999999856e-01
3.189080000000000248e-01
3.198187000000000113e-01
3.207293999999999978e-01
3.216401999999999872e-01
3.225510999999999795e-01
3.234620999999999746e-01
3.243732999999999755e-01
3.252845999999999793e-01
3.261960999999999888e-01
3.271078000000000041e-01
3.280196000000000223e-01
3.289315999999999907e-01
3.298439000000000232e-01
3.307564000000000060e-01
3.316690999999999945e-01
3.325819999999999887e-01
3.334951999999999916e-01
3.344086000000000003e-01
3.353223000000000176e-01
3.362361999999999851e-01
3.371504000000000167e-01
3.380649000000000015e-01
3.389795999999999920e-01
3.398945999999999912e-01
3.408100000000000018e-01
3.417256000000000182e-01
3.426414999999999877e-01
3.435577000000000214e-01
3.444742000000000082e-01
3.453910000000000036e-01
3.463081000000000076e-01
3.472255000000000202e-01
3.481432999999999889e-01
3.490613000000000188e-01
3.499797000000000047e-01
3.508983999999999992e-01
3.518174000000000023e-01
3.527368000000000170e-01
3.536564999999999848e-01
3.545765000000000167e-01
3.554968000000000017e-01
3.564174999999999982e-01
3.573386000000000062e-01
3.582599000000000200e-01
3.591815999999999898e-01
3.601037000000000265e-01
3.610261000000000164e-01
3.619489000000000178e-01
3.628719999999999724e-01
3.637953999999999910e-01
3.647193000000000240e-01
3.656435000000000102e-01
3.665680000000000049e-01
3.674929000000000112e-01
3.684181999999999735e-01
3.693439000000000028e-01
3.702698999999999852e-01
3.711962999999999790e-01
3.721229999999999816e-01
3.730501999999999985e-01
3.739777000000000240e-01
3.749056000000000055e-01
3.758338999999999985e-01
3.767626000000000031e-01
3.776917000000000191e-01
3.786210999999999882e-01
3.795510000000000272e-01
3.804812000000000194e-01
3.814119000000000259e-01
3.823428999999999855e-01
3.832743000000000122e-01
3.842061999999999977e-01
3.851383999999999919e-01
3.860711000000000004e-01
3.870042000000000204e-01
3.879376999999999964e-01
3.888714999999999811e-01
3.898058999999999830e-01
3.907405999999999935e-01
3.916757000000000155e-01
3.926112999999999964e-01
3.935472999999999888e-01
3.944836999999999927e-01
3.954206000000000110e-01
3.963578999999999852e-01
3.972956000000000265e-01
3.982338000000000267e-01
3.991723999999999828e-01
4.001115000000000088e-01
4.010508999999999880e-01
4.019908999999999843e-01
4.029312999999999922e-01
4.038722000000000145e-01
4.048134999999999928e-01
4.057551999999999826e-01
4.066973999999999867e-01
4.076406000000000196e-01
4.085843000000000114e-01
4.095261000000000040e-01
4.104621999999999993e-01
4.113931000000000116e-01
4.123254000000000086e-01
4.132648999999999906e-01
4.142102999999999757e-01
4.151576000000000155e-01
4.161048999999999998e-01
4.170523999999999898e-01
4.180004999999999971e-01
4.189490000000000158e-01
4.198980999999999963e-01
4.208476999999999912e-01
4.217978000000000005e-01
4.227484000000000242e-01
4.236996000000000095e-01
4.246513000000000093e-01
4.256035000000000235e-01
4.265561999999999965e-01
4.275094999999999867e-01
4.284632999999999914e-01
4.294177000000000133e-01
4.303725999999999940e-01
4.313279999999999892e-01
4.322840000000000016e-01
4.332405999999999757e-01
4.341977000000000197e-01
4.351554000000000255e-01
4.361136999999999930e-01
4.370724999999999749e-01
4.380318999999999741e-01
4.389918999999999905e-01
4.399524000000000212e-01
4.409136000000000166e-01
4.418753000000000264e-01
4.428375999999999979e-01
4.438004999999999867e-01
4.447640999999999956e-01
4.457282000000000188e-01
4.466929000000000038e-01
4.476582000000000061e-01
4.486241999999999730e-01
4.495908000000000126e-01
4.505579000000000112e-01
4.515256999999999743e-01
4.524942000000000131e-01
4.534632000000000107e-01
4.544328999999999730e-01
4.554032000000000080e-01
4.563742000000000076e-01
4.573458000000000245e-01
4.583181000000000060e-01
4.592910000000000048e-01
4.602645000000000208e-01
4.612387000000000015e-01
4.622136000000000022e-01
4.631891000000000203e-01
4.641653000000000029e-01
4.651422000000000057e-01
4.661197000000000257e-01
4.670979000000000103e-01
4.680768000000000151e-01
4.690562999999999816e-01
4.700365000000000237e-01
4.710173999999999750e-01
4.719990000000000019e-01
4.729812999999999934e-01
4.739643000000000050e-01
4.749478999999999784e-01
4.759322999999999748e-01
4.769172999999999885e-01
4.779030000000000222e-01
4.788895000000000235e-01
4.798765999999999865e-01
4.808644000000000251e-01
4.818528999999999729e-01
4.828420999999999963e-01
4.838319999999999843e-01
4.848225999999999924e-01
4.858139000000000207e-01
4.868059000000000136e-01
4.877986000000000266e-01
4.887920000000000043e-01
4.897859999999999991e-01
4.907808000000000170e-01
4.917762999999999995e-01
4.927725000000000022e-01
4.937693000000000221e-01
4.947669000000000095e-01
4.957652000000000170e-01
4.967640999999999862e-01
4.977637999999999785e-01
4.987640999999999880e-01
4.997651000000000177e-01
5.007667999999999564e-01
5.017692000000000263e-01
5.027722999999999498e-01
5.037760999999999489e-01
5.047804999999999653e-01
5.057855999999999463e-01
5.067912999999999446e-01
5.077977999999999659e-01
5.088049000000000044e-01
5.098125999999999491e-01
5.108209999999999695e-01
5.118300000000000072e-01
5.128397000000000094e-01
5.138500000000000290e-01
5.148610000000000131e-01
5.158724999999999561e-01
5.168846999999999747e-01
5.178975000000000106e-01
5.189108999999999527e-01
5.199249000000000231e-01
5.209394999999999998e-01
5.219546999999999937e-01
5.229705000000000048e-01
5.239869000000000332e-01
5.250038000000000205e-01
5.260213000000000250e-01
5.270392999999999883e-01
5.280578999999999690e-01
5.290770000000000195e-01
5.300966999999999762e-01
5.311169000000000029e-01
5.321375999999999884e-01
5.331588000000000438e-01
5.341804999999999470e-01
5.352027000000000312e-01
5.362253999999999632e-01
5.372485999999999651e-01
5.382721999999999785e-01
5.392962999999999507e-01
5.403208999999999929e-01
5.413459000000000465e-01
5.423713000000000006e-01
5.433972000000000246e-01
5.444234999999999491e-01
5.454501000000000488e-01
5.464771999999999963e-01
5.475046999999999553e-01
5.485326000000000368e-01
5.495607999999999604e-01
5.505894000000000066e-01
5.516183999999999532e-01
5.526476999999999640e-01
5.536773999999999862e-01
5.547073999999999616e-01
5.557377000000000011e-01
5.567682999999999938e-01
5.577992999999999979e-01
5.588305999999999552e-01
5.598621000000000292e-01
5.608938999999999453e-01
5.619260999999999839e-01
5.629583999999999699e-01
5.639910999999999675e-01
5.650239999999999707e-01
5.660570999999999797e-01
5.670905000000000529e-01
5.681241000000000207e-01
5.691578999999999944e-01
5.701920000000000321e-01
5.712262000000000173e-01
5.722606000000000082e-01
5.732952000000000048e-01
5.743300000000000072e-01
5.753648999999999569e-01
5.764000000000000234e-01
5.774352999999999847e-01
5.784707000000000043e-01
5.795061999999999713e-01
5.805417999999999967e-01
5.815776000000000279e-01
5.826135000000000064e-01
5.836493999999999849e-01
5.846854999999999691e-01
5.857215999999999534e-01
5.867577999999999960e-01
5.877940999999999860e-01
5.888305000000000344e-01
5.898668000000000244e-01
5.909033000000000202e-01
5.919396999999999576e-01
5.929761999999999533e-01
5.940126000000000017e-01
5.950490999999999975e-01
5.960855999999999932e-01
5.971220000000000416e-01
5.981585000000000374e-01
5.991948000000000274e-01
6.002311999999999648e-01
6.012674999999999548e-01
6.023036999999999974e-01
6.033397999999999817e-01
6.043758999999999659e-01
6.054119000000000028e-01
6.064477000000000340e-01
6.074834000000000067e-01
6.085190000000000321e-01
6.095544999999999991e-01
6.105897999999999604e-01
6.116249999999999742e-01
6.126599000000000350e-01
6.136947000000000374e-01
6.147293000000000340e-01
6.157637000000000249e-01
6.167977999999999517e-01
6.178316999999999837e-01
6.188652999999999516e-01
6.198987000000000247e-01
6.209316999999999753e-01
6.219645000000000312e-01
6.229968999999999646e-01
6.240289999999999448e-01
6.250607000000000246e-01
6.260919999999999819e-01
6.271229000000000386e-01
6.281533999999999729e-01
6.291835000000000067e-01
6.302130999999999705e-01
6.312421999999999755e-01
6.322708999999999691e-01
6.332989999999999453e-01
6.343265999999999627e-01
6.353535999999999628e-01
6.363801000000000041e-01
6.374058999999999697e-01
6.384311000000000291e-01
6.394556999999999602e-01
6.404796999999999851e-01
6.415028999999999870e-01
6.425254999999999717e-01
6.435473000000000443e-01
6.445684000000000413e-01
6.455887000000000153e-01
6.466081999999999663e-01
6.476267999999999470e-01
6.486446000000000156e-01
6.496615000000000029e-01
6.506773999999999614e-01
6.516923999999999495e-01
6.527062999999999615e-01
6.537191999999999448e-01
6.547311000000000103e-01
6.557418000000000413e-01
6.567513000000000378e-01
6.577596999999999472e-01
6.587667999999999857e-01
6.597726000000000424e-01
6.607771000000000061e-01
6.617802999999999880e-01
6.627821000000000407e-01
6.637823999999999947e-01
6.647813000000000194e-01
6.657786999999999455e-01
6.667745999999999951e-01
6.677689999999999459e-01
6.687617999999999618e-01
6.697528999999999844e-01
6.707425000000000193e-01
6.717305000000000081e-01
6.727166999999999453e-01
6.737012999999999474e-01
6.746841999999999562e-01
6.756653999999999716e-01
6.766446999999999878e-01
6.776223000000000107e-01
6.785980000000000345e-01
6.795717999999999481e-01
6.805436999999999736e-01
6.815134999999999943e-01
6.824812000000000101e-01
6.834466999999999626e-01
6.844099999999999628e-01
6.853709000000000051e-01
6.863293999999999784e-01
6.872852999999999879e-01
6.882386999999999810e-01
6.891893000000000047e-01
6.901372000000000062e-01
6.910823000000000382e-01
6.920243000000000366e-01
6.929632999999999488e-01
6.938990999999999909e-01
6.948315999999999937e-01
6.957607000000000097e-01
6.966862000000000332e-01
6.976082000000000116e-01
6.985263000000000444e-01
6.994405999999999679e-01
7.003508999999999984e-01
7.012568999999999608e-01
7.021585999999999661e-01
7.030556999999999501e-01
7.039480999999999655e-01
7.048358000000000123e-01
7.057187000000000321e-01
7.065962999999999550e-01
7.074686000000000030e-01
7.083350999999999953e-01
7.091956999999999844e-01
7.100535999999999515e-01
7.109138000000000401e-01
7.117761000000000227e-01
7.126379000000000463e-01
7.134985999999999828e-01
7.143583999999999490e-01
7.152171000000000500e-01
7.160748000000000113e-01
7.169313999999999965e-01
7.177869999999999528e-01
7.186415999999999915e-01
7.194951000000000541e-01
7.203475000000000295e-01
7.211988999999999761e-01
7.220491999999999466e-01
7.228984999999999994e-01
7.237466999999999651e-01
7.245937999999999546e-01
7.254397999999999680e-01
7.262847000000000053e-01
7.271286000000000138e-01
7.279712999999999878e-01
7.288128999999999857e-01
7.296534999999999549e-01
7.304929000000000006e-01
7.313311999999999591e-01
7.321684000000000525e-01
7.330044000000000004e-01
7.338394000000000306e-01
7.346732000000000262e-01
7.355057999999999874e-01
7.363372999999999724e-01
7.371676999999999813e-01
7.379968999999999557e-01
7.388249999999999540e-01
7.396519000000000288e-01
7.404775999999999581e-01
7.413022000000000222e-01
7.421256000000000519e-01
7.429478000000000470e-01
7.437688000000000077e-01
7.445886000000000449e-01
7.454072999999999949e-01
7.462246999999999630e-01
7.470409000000000077e-01
7.478559999999999652e-01
7.486698000000000519e-01
7.494823999999999931e-01
7.502938000000000107e-01
7.511039999999999939e-01
7.519128999999999952e-01
7.527205999999999619e-01
7.535271000000000052e-01
7.543322999999999556e-01
7.551362000000000352e-01
7.559390000000000276e-01
7.567403999999999797e-01
7.575406000000000084e-01
7.583396000000000026e-01
7.591373000000000149e-01
7.599337000000000453e-01
7.607287999999999828e-01
7.615226000000000495e-01
7.623151999999999706e-01
7.631065000000000209e-01
7.638964999999999783e-01
7.646851000000000065e-01
7.654725000000000001e-01
7.662586000000000119e-01
7.670434000000000418e-01
7.678268000000000315e-01
7.686089000000000393e-01
7.693896999999999542e-01
7.701691999999999982e-01
7.709473999999999494e-01
7.717241999999999713e-01
7.724995999999999530e-01
7.732738000000000111e-01
7.740464999999999707e-01
7.748178999999999483e-01
7.755880000000000551e-01
7.763567000000000107e-01
7.771240000000000370e-01
7.778899999999999704e-01
7.786545999999999745e-01
7.794178000000000495e-01
7.801797000000000315e-01
7.809401000000000259e-01
7.816992000000000385e-01
7.824567999999999524e-01
7.832130999999999954e-01
7.839679000000000508e-01
7.847214000000000134e-01
7.854733999999999883e-01
7.862240000000000339e-01
7.869732999999999867e-01
7.877210000000000045e-01
7.884674000000000404e-01
7.892122999999999777e-01
7.899557999999999858e-01
7.906978999999999536e-01
7.914385000000000447e-01
7.921776999999999846e-01
7.929154000000000480e-01
7.936516999999999600e-01
7.943864999999999954e-01
7.951198000000000432e-01
7.958517000000000507e-01
7.965820999999999596e-01
7.973111000000000503e-01
7.980386000000000424e-01
7.987646000000000468e-01
7.994890999999999526e-01
8.002120999999999817e-01
8.009336000000000233e-01
8.016535999999999662e-01
8.023721999999999799e-01
8.030891999999999475e-01
8.038047000000000386e-01
8.045187000000000310e-01
8.052312000000000358e-01
8.059422000000000530e-01
8.066516000000000242e-01
8.073595000000000077e-01
8.080659000000000036e-01
8.087708000000000119e-01
8.094740999999999742e-01
8.101758999999999489e-01
8.108760999999999886e-01
8.115748000000000406e-01
8.122719999999999940e-01
8.129676000000000125e-01
8.136615999999999849e-01
8.143540999999999697e-01
8.150450000000000195e-01
8.157343000000000233e-01
8.164221000000000394e-01
8.171083000000000096e-01
8.177929000000000448e-01
8.184759999999999813e-01
8.191574999999999829e-01
8.198372999999999911e-01
8.205156000000000116e-01
8.211922999999999861e-01
8.218674000000000257e-01
8.225409999999999666e-01
8.232129000000000252e-01
8.238832000000000377e-01
8.245519000000000043e-01
8.252190000000000358e-01
8.258845000000000214e-01
8.265483000000000136e-01
8.272106000000000181e-01
8.278712000000000293e-01
8.285301999999999945e-01
8.291876000000000246e-01
8.298434000000000088e-01
8.304974999999999996e-01
8.311500000000000554e-01
8.318008999999999542e-01
8.324500999999999706e-01
8.330977000000000521e-01
8.337436000000000291e-01
8.343878999999999602e-01
8.350305999999999562e-01
8.356715999999999589e-01
8.363110000000000266e-01
8.369486999999999899e-01
8.375846999999999598e-01
8.382190999999999947e-01
8.388518999999999837e-01
8.394829999999999792e-01
8.401123999999999814e-01
8.407402000000000486e-01
8.413663000000000114e-01
8.419906999999999808e-01
8.426135000000000153e-01
8.432345999999999453e-01
8.438539999999999930e-01
8.444717999999999947e-01
8.450879000000000030e-01
8.457023000000000179e-01
8.463150000000000395e-01
8.469261000000000150e-01
8.475354999999999972e-01
8.481431000000000386e-01
8.487491999999999814e-01
8.493534999999999835e-01
8.499560999999999922e-01
8.505570999999999549e-01
8.511564000000000352e-01
8.517538999999999527e-01
8.523498000000000463e-01
8.529440000000000355e-01
8.535365000000000313e-01
8.541273000000000337e-01
8.547164000000000428e-01
8.553039000000000058e-01
8.558896000000000281e-01
8.564735999999999461e-01
8.570558999999999816e-01
8.576365999999999712e-01
8.582155000000000200e-01
8.587926999999999644e-01
8.593682000000000265e-01
8.599419999999999842e-01
8.605142000000000069e-01
8.610845999999999778e-01
8.616532999999999554e-01
8.622203000000000506e-01
8.627856000000000414e-01
8.633492000000000388e-01
8.639111000000000429e-01
8.644713000000000536e-01
8.650297999999999599e-01
8.655865999999999838e-01
8.661417000000000144e-01
8.666951000000000516e-01
8.672467000000000370e-01
8.677966999999999764e-01
8.683450000000000335e-01
8.688915000000000388e-01
8.694363999999999981e-01
8.699795000000000167e-01
8.705209000000000419e-01
8.710607000000000211e-01
8.715986999999999485e-01
8.721349999999999936e-01
8.726696000000000453e-01
8.732026000000000510e-01
8.737338000000000049e-01
8.742632999999999655e-01
8.747911000000000437e-01
8.753172000000000175e-01
8.758415999999999979e-01
8.763642999999999850e-01
8.768852999999999787e-01
8.774045999999999790e-01
8.779221999999999859e-01
8.784380000000000521e-01
8.789521999999999613e-01
8.794648000000000465e-01
8.799755999999999689e-01
8.804847000000000090e-01
8.809920999999999447e-01
8.814977999999999980e-01
8.820019000000000053e-01
8.825041999999999609e-01
8.830048999999999815e-01
8.835037999999999503e-01
8.840010999999999841e-01
8.844967000000000246e-01
8.849905999999999606e-01
8.854828000000000143e-01
8.859734000000000220e-01
8.864621999999999780e-01
8.869493999999999989e-01
8.874349000000000265e-01
8.879188000000000081e-01
8.884009000000000489e-01
8.888814000000000437e-01
8.893602000000000452e-01
8.898374000000000006e-01
8.903128999999999627e-01
8.907867000000000424e-01
8.912588000000000177e-01
8.917292999999999470e-01
8.921980999999999939e-01
8.926652999999999949e-01
8.931308000000000025e-01
8.935946000000000167e-01
8.940567999999999849e-01
8.945174000000000181e-01
8.949762999999999469e-01
8.954334999999999933e-01
8.958890999999999938e-01
8.963430999999999482e-01
8.967954000000000203e-01
8.972459999999999880e-01
8.976950999999999681e-01
8.981424000000000074e-01
8.985881999999999481e-01
8.990323000000000064e-01
8.994748000000000188e-01
8.999156000000000377e-01
9.003548000000000107e-01
9.007924000000000486e-01
9.012284000000000406e-01
9.016627999999999865e-01
9.020955000000000501e-01
9.025265999999999567e-01
9.029561000000000393e-01
9.033839000000000174e-01
9.038102000000000080e-01
9.042348999999999526e-01
9.046579000000000148e-01
9.050793999999999784e-01
9.054991999999999486e-01
9.059175000000000422e-01
9.063341000000000314e-01
9.067492000000000330e-01
9.071626000000000412e-01
9.075744999999999507e-01
9.079848000000000363e-01
9.083936000000000233e-01
9.088007000000000168e-01
9.092063000000000228e-01
9.096102999999999827e-01
9.100127000000000077e-01
9.104136000000000450e-01
9.108129000000000364e-01
9.112107000000000401e-01
9.116068999999999978e-01
9.120015999999999678e-01
9.123947000000000029e-01
9.127863000000000504e-01
9.131763000000000519e-01
9.135647999999999547e-01
9.139517999999999809e-01
9.143371999999999611e-01
9.147210999999999537e-01
9.151034999999999586e-01
9.154843999999999760e-01
9.158638000000000057e-01
9.162415999999999894e-01
9.166180000000000438e-01
9.169928000000000523e-01
9.173662000000000205e-01
9.177380000000000537e-01
9.181084000000000467e-01
9.184773000000000520e-01
9.188446000000000113e-01
9.192105999999999888e-01
9.195750000000000313e-01
9.199380000000000335e-01
9.202993999999999897e-01
9.206594999999999640e-01
9.210180000000000033e-01
9.213751000000000024e-01
9.217307999999999613e-01
9.220848999999999851e-01
9.224377000000000271e-01
9.227889000000000230e-01
9.231388000000000371e-01
9.234871999999999526e-01
9.238340999999999914e-01
9.241795999999999900e-01
9.245236999999999483e-01
9.248663000000000300e-01
9.252074999999999605e-01
9.255472999999999617e-01
9.258857000000000337e-01
9.262226999999999544e-01
9.265581999999999985e-01
9.268923999999999497e-01
9.272251000000000243e-01
9.275563999999999476e-01
9.278863000000000527e-01
9.282148999999999539e-01
9.285419999999999785e-01
9.288678000000000212e-01
9.291922000000000237e-01
9.295151999999999859e-01
9.298368000000000189e-01
9.301570000000000116e-01
9.304759000000000224e-01
9.307933999999999930e-01
9.311095999999999817e-01
9.314244000000000412e-01
9.317377999999999494e-01
9.320498999999999867e-01
9.323607000000000422e-01
9.326700999999999464e-01
9.329781999999999798e-01
9.332848999999999728e-01
9.335902999999999841e-01
9.338944000000000134e-01
9.341971999999999499e-01
9.344985999999999571e-01
9.347988000000000408e-01
9.350975999999999733e-01
9.353951000000000349e-01
9.356913999999999509e-01
9.359863000000000488e-01
9.362799000000000538e-01
9.365723000000000242e-01
9.368634000000000128e-01
9.371532000000000195e-01
9.374417000000000444e-01
9.377290000000000347e-01
9.380150000000000432e-01
9.382998000000000172e-01
9.385833000000000093e-01
9.388655999999999668e-01
9.391466000000000536e-01
9.394263999999999948e-01
9.397050000000000125e-01
9.399823000000000484e-01
9.402584000000000497e-01
9.405333000000000165e-01
9.408069999999999489e-01
9.410794999999999577e-01
9.413508000000000431e-01
9.416208999999999829e-01
9.418897000000000519e-01
9.421574000000000337e-01
9.424238999999999811e-01
9.426892999999999523e-01
9.429534000000000526e-01
9.432163999999999549e-01
9.434782000000000446e-01
9.437387999999999888e-01
9.439982999999999569e-01
9.442566000000000015e-01
9.445137000000000116e-01
9.447697000000000456e-01
9.450245999999999924e-01
9.452783000000000158e-01
9.455308000000000046e-01
9.457822000000000173e-01
9.460325000000000539e-01
9.462817000000000034e-01
9.465297000000000294e-01
9.467765999999999682e-01
9.470224000000000419e-01
9.472671000000000285e-01
9.475107000000000390e-01
9.477531000000000150e-01
9.479944999999999622e-01
9.482346999999999859e-01
9.484738999999999809e-01
9.487119000000000524e-01
9.489488999999999841e-01
9.491848000000000507e-01
9.494196000000000302e-01
9.496533000000000335e-01
9.498860000000000081e-01
9.501176000000000066e-01
9.503481000000000289e-01
9.505776000000000225e-01
9.508060000000000400e-01
9.510334000000000287e-01
9.512597000000000413e-01
9.514850000000000252e-01
9.517092999999999803e-01
9.519324999999999593e-01
9.521547000000000205e-01
9.523759000000000530e-01
9.525959999999999983e-01
9.528151999999999733e-01
9.530332999999999721e-01
9.532504000000000532e-01
9.534664999999999946e-01
9.536816999999999656e-01
9.538957999999999604e-01
9.541089999999999849e-01
9.543211999999999806e-01
9.545323999999999476e-01
9.547425999999999968e-01
9.549518999999999647e-01
9.551602999999999621e-01
9.553675999999999835e-01
9.555740999999999818e-01
9.557795000000000041e-01
9.559841000000000033e-01
9.561876000000000264e-01
9.563903000000000265e-01
9.565919999999999979e-01
9.567927999999999988e-01
9.569927000000000294e-01
9.571916999999999787e-01
9.573897000000000101e-01
9.575867999999999602e-01
9.577830000000000510e-01
9.579784000000000077e-01
9.581728000000000467e-01
9.583663000000000043e-01
9.585588999999999915e-01
9.587506000000000084e-01
9.589415000000000022e-01
9.591313999999999673e-01
9.593205000000000204e-01
9.595086999999999922e-01
9.596959999999999935e-01
9.598824999999999719e-01
9.600680999999999798e-01
9.602528000000000175e-01
9.604367000000000321e-01
9.606196999999999653e-01
9.608018999999999865e-01
9.609832000000000374e-01
9.611636999999999542e-01
9.613433000000000117e-01
9.615221000000000462e-01
9.617000999999999467e-01
9.618771999999999878e-01
9.620535000000000059e-01
9.622290000000000010e-01
9.624036999999999731e-01
9.625776000000000332e-01
9.627506999999999593e-01
9.629229999999999734e-01
9.630944999999999645e-01
9.632652000000000436e-01
9.634350999999999887e-01
9.636042000000000218e-01
9.637725999999999793e-01
9.639400999999999664e-01
9.641068999999999889e-01
9.642730000000000468e-01
9.644382999999999706e-01
9.646027999999999825e-01
9.647666000000000297e-01
9.649296000000000539e-01
9.650919000000000025e-01
9.652534999999999865e-01
9.654142999999999475e-01
9.655744000000000549e-01
9.657337999999999756e-01
9.658925000000000427e-01
9.660503999999999758e-01
9.662076000000000553e-01
9.663640999999999481e-01
9.665198999999999874e-01
9.666751000000000094e-01
9.668295000000000083e-01
9.669832000000000427e-01
9.671362000000000014e-01
9.672884999999999955e-01
9.674401999999999724e-01
9.675911999999999846e-01
9.677415000000000322e-01
9.678911000000000042e-01
9.680400000000000116e-01
9.681883000000000017e-01
9.683359999999999745e-01
9.684829000000000354e-01
9.686291999999999680e-01
9.687748000000000470e-01
9.689197999999999977e-01
9.690642000000000422e-01
9.692079000000000111e-01
9.693509000000000153e-01
9.694933000000000023e-01
9.696350999999999720e-01
9.697761999999999771e-01
9.699166999999999650e-01
9.700564999999999882e-01
9.701958000000000526e-01
9.703344000000000413e-01
9.704722999999999544e-01
9.706097000000000197e-01
9.707464000000000093e-01
9.708826000000000400e-01
9.710180999999999951e-01
9.711530000000000440e-01
9.712872999999999646e-01
9.714209999999999789e-01
9.715540999999999761e-01
9.716865999999999559e-01
9.718185000000000295e-01
9.719497999999999749e-01
9.720805000000000140e-01
9.722106999999999832e-01
9.723401999999999878e-01
9.724692000000000336e-01
9.725975999999999511e-01
9.727255000000000207e-01
9.728527000000000147e-01
9.729794000000000498e-01
9.731056000000000150e-01
9.732311000000000156e-01
9.733562000000000047e-01
9.734806000000000292e-01
9.736044999999999838e-01
9.737278999999999796e-01
9.738506999999999580e-01
9.739729000000000303e-01
9.740946999999999800e-01
9.742157999999999651e-01
9.743365000000000498e-01
9.744566000000000061e-01
9.745760999999999452e-01
9.746951999999999838e-01
9.748137000000000052e-01
9.749316000000000093e-01
9.750491000000000019e-01
9.751659999999999773e-01
9.752823000000000464e-01
9.753981999999999930e-01
9.755135000000000334e-01
9.756283000000000039e-01
9.757426000000000155e-01
9.758563999999999572e-01
9.759697000000000511e-01
9.760824000000000167e-01
9.761946000000000234e-01
9.763062999999999603e-01
9.764175000000000493e-01
9.765281999999999574e-01
9.766382999999999592e-01
9.767479000000000022e-01
9.768571000000000337e-01
9.769657000000000480e-01
9.770737999999999923e-01
9.771813999999999778e-01
9.772883999999999460e-01
9.773950000000000138e-01
9.775011000000000116e-01
9.776065999999999923e-01
9.777116000000000140e-01
9.778162000000000242e-01
9.779202000000000172e-01
9.780237000000000513e-01
9.781267000000000156e-01
9.782292000000000209e-01
9.783311999999999564e-01
9.784327000000000440e-01
9.785336999999999508e-01
9.786342000000000096e-01
9.787341999999999986e-01
9.788337000000000288e-01
9.789326999999999890e-01
9.790311999999999903e-01
9.791292999999999802e-01
9.792267999999999528e-01
9.793237999999999666e-01
9.794203999999999688e-01
9.795163999999999538e-01
9.796120000000000383e-01
9.797069999999999945e-01
9.798016000000000503e-01
9.798957000000000361e-01
9.799892999999999521e-01
9.800824000000000202e-01
9.801750999999999658e-01
9.802672000000000052e-01
9.803589000000000331e-01
9.804500999999999911e-01
9.805407999999999902e-01
9.806310000000000304e-01
9.807207000000000008e-01
9.808099000000000123e-01
9.808987000000000123e-01
9.809870000000000534e-01
9.810748000000000246e-01
9.811621000000000370e-01
9.812490000000000379e-01
9.813353999999999688e-01
9.814213000000000520e-01
9.815066999999999542e-01
9.815916999999999559e-01
9.816761999999999988e-01
9.817601999999999718e-01
9.818438000000000443e-01
9.819269000000000469e-01
9.820094999999999796e-01
9.820917000000000119e-01
9.821735000000000326e-01
9.822547999999999835e-01
9.823355999999999755e-01
9.824159999999999560e-01
9.824960000000000360e-01
9.825755000000000461e-01
9.826544999999999863e-01
9.827331999999999734e-01
9.828114000000000017e-01
9.828890999999999600e-01
9.829664999999999653e-01
9.830434000000000117e-01
9.831197999999999881e-01
9.831959000000000115e-01
9.832714999999999650e-01
9.833467000000000180e-01
9.834216000000000069e-01
9.834958999999999785e-01
9.835698999999999970e-01
9.836435000000000040e-01
9.837166999999999994e-01
9.837894000000000361e-01
9.838618000000000086e-01
9.839337999999999695e-01
9.840052999999999717e-01
9.840765000000000207e-01
9.841472999999999471e-01
9.842176999999999731e-01
9.842878000000000460e-01
9.843574000000000490e-01
9.844266999999999879e-01
9.844956000000000262e-01
9.845641000000000531e-01
9.846323000000000158e-01
9.847000999999999671e-01
9.847675999999999652e-01
9.848346000000000044e-01
9.849014000000000379e-01
9.849677999999999489e-01
9.850337999999999594e-01
9.850995000000000168e-01
9.851649000000000100e-01
9.852298999999999918e-01
9.852944999999999620e-01
9.853589000000000375e-01
9.854228999999999905e-01
9.854865999999999904e-01
9.855500000000000371e-01
9.856129999999999614e-01
9.856757999999999909e-01
9.857382000000000088e-01
9.858002999999999627e-01
9.858620999999999635e-01
9.859236000000000111e-01
9.859847999999999946e-01
9.860457000000000249e-01
9.861062999999999912e-01
9.861666000000000043e-01
9.862265999999999533e-01
9.862862999999999492e-01
9.863458000000000503e-01
9.864049000000000289e-01
9.864638000000000018e-01
9.865224000000000215e-01
9.865808000000000355e-01
9.866388000000000380e-01
9.866966000000000347e-01
9.867540999999999674e-01
9.868114000000000052e-01
9.868683999999999790e-01
9.869250999999999996e-01
9.869816000000000145e-01
9.870379000000000236e-01
9.870938999999999686e-01
9.871495999999999604e-01
9.872050999999999465e-01
9.872602999999999795e-01
9.873153000000000068e-01
9.873701000000000283e-01
9.874245999999999857e-01
9.874789000000000483e-01
9.875329999999999941e-01
9.875867999999999869e-01
9.876403999999999739e-01
9.876937999999999551e-01
9.877468999999999832e-01
9.877998000000000056e-01
9.878525000000000222e-01
9.879050000000000331e-01
9.879573000000000382e-01
9.880094000000000376e-01
9.880611999999999728e-01
9.881128000000000133e-01
9.881642999999999954e-01
9.882155000000000244e-01
9.882665000000000477e-01
9.883172999999999542e-01
9.883678999999999659e-01
9.884182999999999719e-01
9.884684999999999722e-01
9.885186000000000250e-01
9.885684000000000138e-01
9.886179999999999968e-01
9.886675000000000324e-01
9.887167000000000039e-01
9.887658000000000280e-01
9.888145999999999880e-01
9.888633000000000006e-01
9.889118000000000075e-01
9.889601999999999560e-01
9.890082999999999513e-01
9.890562999999999994e-01
9.891039999999999832e-01
9.891516999999999671e-01
9.891990999999999978e-01
9.892463000000000228e-01
9.892933999999999894e-01
9.893402999999999503e-01
9.893870999999999638e-01
9.894336000000000242e-01
9.894800000000000262e-01
9.895262999999999698e-01
9.895722999999999603e-01
9.896182000000000034e-01
9.896639999999999882e-01
9.897095000000000198e-01
9.897550000000000514e-01
9.898002000000000189e-01
9.898453000000000390e-01
9.898902000000000534e-01
9.899350000000000094e-01
9.899795999999999596e-01
9.900240000000000151e-01
9.900683000000000122e-01
9.901124999999999510e-01
9.901564999999999950e-01
9.902003000000000332e-01
9.902440000000000131e-01
9.902874999999999872e-01
9.903309000000000140e-01
9.903741000000000350e-01
9.904171999999999976e-01
9.904600999999999544e-01
9.905028000000000166e-01
9.905454000000000203e-01
9.905878999999999657e-01
9.906302000000000163e-01
9.906724000000000085e-01
9.907143999999999950e-01
9.907563000000000342e-01
9.907979999999999565e-01
9.908394999999999841e-01
9.908810000000000118e-01
9.909221999999999753e-01
9.909634000000000498e-01
9.910042999999999491e-01
9.910451999999999595e-01
9.910858000000000168e-01
9.911263999999999630e-01
9.911668000000000145e-01
9.912069999999999492e-01
9.912471000000000476e-01
9.912870999999999766e-01
9.913269000000000108e-01
9.913665999999999867e-01
9.914060999999999568e-01
9.914454999999999796e-01
9.914848000000000550e-01
9.915239000000000136e-01
9.915629000000000248e-01
9.916017000000000303e-01
9.916403999999999774e-01
9.916789999999999772e-01
9.917173999999999712e-01
9.917557000000000178e-01
9.917939000000000060e-01
9.918318999999999885e-01
9.918698000000000237e-01
9.919075000000000530e-01
9.919451000000000240e-01
9.919826000000000477e-01
9.920200000000000129e-01
9.920571999999999724e-01
9.920942000000000371e-01
9.921311999999999909e-01
9.921680000000000499e-01
9.922045999999999921e-01
9.922412000000000454e-01
9.922775999999999819e-01
9.923138000000000236e-01
9.923499999999999543e-01
9.923859999999999904e-01
9.924218000000000206e-01
9.924576000000000509e-01
9.924931999999999643e-01
9.925285999999999831e-01
9.925639000000000545e-01
9.925990999999999564e-01
9.926342000000000221e-01
9.926690999999999709e-01
9.927038999999999724e-01
9.927386000000000266e-01
9.927730999999999639e-01
9.928076000000000123e-01
9.928417999999999966e-01
9.928759999999999808e-01
9.929099999999999593e-01
9.929438999999999904e-01
9.929776999999999632e-01
9.930113000000000412e-01
9.930447999999999498e-01
9.930782000000000220e-01
9.931115000000000359e-01
9.931446000000000440e-01
9.931775999999999938e-01
9.932104999999999961e-01
9.932433000000000511e-01
9.932758999999999894e-01
9.933083999999999802e-01
9.933408000000000238e-01
9.933731000000000089e-01
9.934053000000000466e-01
9.934372999999999676e-01
9.934692000000000522e-01
9.935009999999999675e-01
9.935327000000000464e-01
9.935642999999999558e-01
9.935956999999999706e-01
9.936270999999999853e-01
9.936582999999999943e-01
9.936893999999999449e-01
9.937203999999999482e-01
9.937513000000000041e-01
9.937820000000000542e-01
9.938126999999999933e-01
9.938432000000000377e-01
9.938736000000000237e-01
9.939038999999999513e-01
9.939341000000000426e-01
9.939641999999999644e-01
9.939942000000000499e-01
9.940240000000000187e-01
9.940537999999999874e-01
9.940833999999999504e-01
9.941130000000000244e-01
9.941423999999999817e-01
9.941716999999999915e-01
9.942009000000000540e-01
9.942299999999999471e-01
9.942590999999999513e-01
9.942879000000000023e-01
9.943167000000000533e-01
9.943454000000000459e-01
9.943739999999999801e-01
9.944024999999999670e-01
9.944307999999999481e-01
9.944591000000000403e-01
9.944872999999999630e-01
9.945152999999999910e-01
9.945433000000000190e-01
9.945711000000000412e-01
9.945988999999999525e-01
9.946266000000000274e-01
9.946540999999999855e-01
9.946816000000000546e-01
9.947089000000000070e-01
9.947361999999999593e-01
9.947633000000000170e-01
9.947903999999999636e-01
9.948173999999999628e-01
9.948441999999999563e-01
9.948709999999999498e-01
9.948976999999999959e-01
9.949242000000000363e-01
9.949506999999999657e-01
9.949770999999999477e-01
9.950033999999999823e-01
9.950295999999999585e-01
9.950556999999999874e-01
9.950816999999999579e-01
9.951075999999999810e-01
9.951333999999999458e-01
9.951592000000000215e-01
9.951847999999999805e-01
9.952102999999999922e-01
9.952358000000000038e-01
9.952611000000000097e-01
9.952864000000000155e-01
9.953115999999999630e-01
9.953366999999999631e-01
9.953617000000000159e-01
9.953866000000000103e-01
9.954113999999999463e-01
9.954361000000000459e-01
9.954608000000000345e-01
9.954853000000000174e-01
9.955098000000000003e-01
9.955340999999999774e-01
9.955583999999999545e-01
9.955825999999999842e-01
9.956066999999999556e-01
9.956306999999999796e-01
9.956547000000000036e-01
9.956785000000000219e-01
9.957023000000000401e-01
9.957260000000000000e-01
9.957496000000000125e-01
9.957730999999999666e-01
9.957964999999999733e-01
9.958198000000000327e-01
9.958430999999999811e-01
9.958662999999999821e-01
9.958894000000000357e-01
9.959124000000000310e-01
9.959352999999999678e-01
9.959580999999999573e-01
9.959808999999999468e-01
9.960035000000000416e-01
9.960261000000000253e-01
9.960485999999999507e-01
9.960710999999999871e-01
9.960934000000000177e-01
9.961157000000000483e-01
9.961379000000000206e-01
9.961600000000000454e-01
9.961820000000000119e-01
9.962039000000000311e-01
9.962258000000000502e-01
9.962476000000000109e-01
9.962693000000000243e-01
9.962908999999999793e-01
9.963125000000000453e-01
9.963338999999999945e-01
9.963553000000000548e-01
9.963765999999999456e-01
9.963978999999999475e-01
9.964190000000000547e-01
9.964401000000000508e-01
9.964610999999999885e-01
9.964819999999999789e-01
9.965028999999999693e-01
9.965237000000000123e-01
9.965443999999999969e-01
9.965650000000000341e-01
9.965855000000000130e-01
9.966059999999999919e-01
9.966264000000000234e-01
9.966466999999999965e-01
9.966669999999999696e-01
9.966871000000000480e-01
9.967072000000000154e-01
9.967272999999999827e-01
9.967472000000000554e-01
9.967671000000000170e-01
9.967869000000000312e-01
9.968065999999999871e-01
9.968263000000000540e-01
9.968458999999999515e-01
9.968654000000000126e-01
9.968848999999999627e-01
9.969042000000000181e-01
9.969234999999999625e-01
9.969428000000000178e-01
9.969618999999999565e-01
9.969810000000000061e-01
9.970000999999999447e-01
9.970189999999999886e-01
9.970379000000000325e-01
9.970567000000000180e-01
9.970753999999999451e-01
9.970940999999999832e-01
9.971126999999999629e-01
9.971313000000000537e-01
9.971497000000000277e-01
9.971681000000000017e-01
9.971864999999999757e-01
9.972047000000000549e-01
9.972229000000000232e-01
9.972410999999999914e-01
9.972590999999999539e-01
9.972771000000000274e-01
9.972950000000000426e-01
9.973128999999999467e-01
9.973307000000000144e-01
9.973484000000000238e-01
9.973661000000000332e-01
9.973836999999999842e-01
9.974011999999999878e-01
9.974186999999999914e-01
9.974361000000000477e-01
9.974534000000000455e-01
9.974707000000000434e-01
9.974878999999999829e-01
9.975051000000000334e-01
9.975222000000000255e-01
9.975391999999999593e-01
9.975560999999999456e-01
9.975730000000000430e-01
9.975899000000000294e-01
9.976066000000000100e-01
9.976232999999999906e-01
9.976399999999999713e-01
9.976566000000000045e-01
9.976730999999999794e-01
9.976895000000000069e-01
9.977059000000000344e-01
9.977222999999999509e-01
9.977384999999999726e-01
9.977546999999999944e-01
9.977709000000000161e-01
9.977869999999999795e-01
9.978029999999999955e-01
9.978190000000000115e-01
9.978348999999999691e-01
9.978506999999999794e-01
9.978664999999999896e-01
9.978822000000000525e-01
9.978979000000000044e-01
9.979135000000000089e-01
9.979291000000000134e-01
9.979445000000000121e-01
9.979599999999999582e-01
9.979753000000000096e-01
9.979905999999999500e-01
9.980059000000000013e-01
9.980210999999999943e-01
9.980362000000000400e-01
9.980512999999999746e-01
9.980662999999999618e-01
9.980812999999999491e-01
9.980961999999999890e-01
9.981109999999999705e-01
9.981257999999999520e-01
9.981406000000000445e-01
9.981552000000000202e-01
9.981699000000000543e-01
9.981843999999999717e-01
9.981989000000000001e-01
9.982134000000000285e-01
9.982277000000000511e-01
9.982421000000000211e-01
9.982564000000000437e-01
9.982706000000000079e-01
9.982847000000000248e-01
9.982988999999999891e-01
9.983128999999999476e-01
9.983269000000000171e-01
9.983408999999999756e-01
9.983547000000000393e-01
9.983686000000000504e-01
9.983822999999999448e-01
9.983961000000000086e-01
9.984096999999999555e-01
9.984233000000000136e-01
9.984368999999999605e-01
9.984503999999999602e-01
9.984638000000000124e-01
9.984771999999999537e-01
9.984906000000000059e-01
9.985038000000000524e-01
9.985171000000000463e-01
9.985302000000000344e-01
9.985433999999999699e-01
9.985564000000000107e-01
9.985694000000000514e-01
9.985823999999999812e-01
9.985952999999999635e-01
9.986080999999999985e-01
9.986209000000000335e-01
9.986336999999999575e-01
9.986464000000000452e-01
9.986589999999999634e-01
9.986715999999999926e-01
9.986840999999999635e-01
9.986966000000000454e-01
9.987089999999999579e-01
9.987213000000000340e-01
9.987336999999999465e-01
9.987458999999999643e-01
9.987580999999999820e-01
9.987702999999999998e-01
9.987823999999999591e-01
9.987943999999999711e-01
9.988063999999999831e-01
9.988183000000000478e-01
9.988302000000000014e-01
9.988420000000000076e-01
9.988538000000000139e-01
9.988654999999999617e-01
9.988772000000000206e-01
9.988888000000000211e-01
9.989004000000000216e-01
9.989118999999999637e-01
9.989234000000000169e-01
9.989348000000000116e-01
9.989460999999999480e-01
9.989573999999999954e-01
9.989685999999999844e-01
9.989797999999999734e-01
9.989909999999999624e-01
9.990019999999999456e-01
9.990130999999999872e-01
9.990240000000000231e-01
9.990350000000000064e-01
9.990457999999999839e-01
9.990565999999999613e-01
9.990674000000000499e-01
9.990780999999999690e-01
9.990887000000000517e-01
9.990993000000000235e-01
9.991098999999999952e-01
9.991202999999999612e-01
9.991307999999999856e-01
9.991411000000000042e-01
9.991514999999999702e-01
9.991617000000000415e-01
9.991719000000000017e-01
9.991820999999999620e-01
9.991921999999999748e-01
9.992022000000000403e-01
9.992121999999999948e-01
9.992221000000000020e-01
9.992320000000000091e-01
9.992417999999999578e-01
9.992514999999999592e-01
9.992611999999999606e-01
9.992708999999999619e-01
9.992803999999999576e-01
9.992900000000000116e-01
9.992993999999999488e-01
9.993087999999999971e-01
9.993182000000000453e-01
9.993275000000000352e-01
9.993366999999999667e-01
9.993459000000000092e-01
9.993549999999999933e-01
9.993640000000000301e-01
9.993729999999999558e-01
9.993819000000000452e-01
9.993908000000000236e-01
9.993996000000000546e-01
9.994083000000000272e-01
9.994169999999999998e-01
9.994256000000000251e-01
9.994340999999999919e-01
9.994425999999999588e-01
9.994509999999999783e-01
9.994593999999999978e-01
9.994676999999999589e-01
9.994758999999999727e-01
9.994840000000000391e-01
9.994920999999999944e-01
9.995001000000000024e-01
9.995081000000000104e-01
9.995159999999999600e-01
9.995237999999999623e-01
9.995315000000000172e-01
9.995391999999999610e-01
9.995467999999999575e-01
9.995543000000000067e-01
9.995616999999999974e-01
9.995690999999999882e-01
9.995764000000000316e-01
9.995836000000000165e-01
9.995907000000000542e-01
9.995977999999999808e-01
9.996047999999999600e-01
9.996116999999999919e-01
9.996184999999999654e-01
9.996253000000000499e-01
9.996319000000000177e-01
9.996384999999999854e-01
9.996450000000000058e-01
9.996513999999999678e-01
9.996578000000000408e-01
9.996639999999999970e-01
9.996701999999999533e-01
9.996762000000000148e-01
9.996821999999999653e-01
9.996880999999999684e-01
9.996939000000000242e-01
9.996996000000000215e-01
9.997051999999999605e-01
9.997108000000000105e-01
9.997162000000000548e-01
9.997215999999999880e-01
9.997268000000000265e-01
9.997319999999999540e-01
9.997369999999999868e-01
9.997420000000000195e-01
9.997468999999999939e-01
9.997517000000000209e-01
9.997563000000000422e-01
9.997608999999999524e-01
9.997654000000000263e-01
9.997698000000000418e-01
9.997741999999999463e-01
9.997783999999999560e-01
9.997825000000000184e-01
9.997865000000000224e-01
9.997905000000000264e-01
9.997943000000000247e-01
9.997981000000000229e-01
9.998017000000000154e-01
9.998053000000000079e-01
9.998088000000000530e-01
9.998122000000000398e-01
9.998156000000000265e-01
9.998188000000000075e-01
9.998219999999999885e-01
9.998249999999999638e-01
9.998280000000000500e-01
9.998310000000000253e-01
9.998337999999999948e-01
9.998365999999999643e-01
9.998392999999999864e-01
9.998420000000000085e-01
9.998445999999999723e-01
9.998470999999999886e-01
9.998494999999999466e-01
9.998519000000000156e-01
9.998542999999999736e-01
9.998565999999999843e-01
9.998588000000000475e-01
9.998610999999999471e-01
9.998631999999999520e-01
9.998652999999999569e-01
9.998673999999999618e-01
9.998694999999999666e-01
9.998715000000000241e-01
9.998734999999999706e-01
9.998755000000000281e-01
9.998774000000000273e-01
9.998793999999999738e-01
9.998812999999999729e-01
9.998831999999999720e-01
9.998850000000000238e-01
9.998869000000000229e-01
9.998886999999999636e-01
9.998905000000000154e-01
9.998922000000000088e-01
9.998939000000000021e-01
9.998955000000000481e-01
9.998972000000000415e-01
9.998987999999999765e-01
9.999002999999999641e-01
9.999019000000000101e-01
9.999033999999999978e-01
9.999048999999999854e-01
9.999065000000000314e-01
9.999080000000000190e-01
9.999095000000000066e-01
9.999111000000000526e-01
9.999126999999999876e-01
9.999143999999999810e-01
9.999160999999999744e-01
9.999177999999999678e-01
9.999196000000000195e-01
9.999215000000000186e-01
9.999234000000000178e-01
9.999253999999999643e-01
9.999274000000000218e-01
9.999295999999999740e-01
9.999318000000000373e-01
9.999339999999999895e-01
9.999363999999999475e-01
9.999388000000000165e-01
9.999413000000000329e-01
9.999438999999999966e-01
9.999464999999999604e-01
9.999491999999999825e-01
9.999519999999999520e-01
9.999548000000000325e-01
9.999576999999999494e-01
9.999607000000000356e-01
9.999637000000000109e-01
9.999668000000000445e-01
9.999698999999999671e-01
9.999730999999999481e-01
9.999763000000000401e-01
9.999795999999999685e-01
9.999829000000000079e-01
9.999862000000000473e-01
9.999896000000000340e-01
9.999930999999999681e-01
9.999964999999999549e-01
1.000000000000000000e+00
1.000009300000000101e+00
1.000018700000000038e+00
1.000028200000000034e+00
1.000037899999999924e+00
1.000047700000000095e+00
1.000057500000000044e+00
1.000067299999999992e+00
1.000077199999999999e+00
1.000087100000000007e+00
1.000097000000000014e+00
1.000106900000000021e+00
1.000116699999999970e+00
1.000126499999999918e+00
1.000136300000000089e+00
1.000145999999999979e+00
1.000155700000000092e+00
1.000165299999999924e+00
1.000175000000000036e+00
1.000184500000000032e+00
1.000194000000000027e+00
1.000203500000000023e+00
1.000212799999999902e+00
1.000222200000000061e+00
1.000231400000000104e+00
1.000240699999999983e+00
1.000249799999999967e+00
1.000258899999999951e+00
1.000267900000000099e+00
1.000276900000000024e+00
1.000285899999999950e+00
1.000294800000000039e+00
1.000303699999999907e+00
1.000312599999999996e+00
1.000321400000000027e+00
1.000330200000000058e+00
1.000339000000000089e+00
1.000347799999999898e+00
1.000356599999999929e+00
1.000365299999999902e+00
1.000374099999999933e+00
1.000382899999999964e+00
1.000391599999999936e+00
1.000400299999999909e+00
1.000409099999999940e+00
1.000417799999999913e+00
1.000426500000000107e+00
1.000435200000000080e+00
1.000443900000000053e+00
1.000452600000000025e+00
1.000461299999999998e+00
1.000469899999999912e+00
1.000478600000000107e+00
1.000487300000000079e+00
1.000495899999999994e+00
1.000504499999999908e+00
1.000513100000000044e+00
1.000521699999999958e+00
1.000530300000000095e+00
1.000538799999999950e+00
1.000547300000000028e+00
1.000555899999999943e+00
1.000564400000000020e+00
1.000572900000000098e+00
1.000581299999999896e+00
1.000589799999999974e+00
1.000598199999999993e+00
1.000606600000000013e+00
1.000614899999999974e+00
1.000623299999999993e+00
1.000631599999999954e+00
1.000639899999999916e+00
1.000648100000000040e+00
1.000656299999999943e+00
1.000664500000000068e+00
1.000672599999999912e+00
1.000680699999999979e+00
1.000688800000000045e+00
1.000696800000000053e+00
1.000704700000000003e+00
1.0007126
