1.538650100000000123e+02
1.538644700000000114e+02
1.538636899999999912e+02
1.538628899999999931e+02
1.538620999999999981e+02
1.538613200000000063e+02
1.538604699999999923e+02
1.538596000000000004e+02
1.538587200000000053e+02
1.538578400000000101e+02
1.538569400000000087e+02
1.538559999999999945e+02
1.538550400000000025e+02
1.538540299999999945e+02
1.538530399999999929e+02
1.538519799999999975e+02
1.538509699999999896e+02
1.538498899999999878e+02
1.538487599999999986e+02
1.538476499999999874e+02
1.538464899999999886e+02
1.538452900000000056e+02
1.538440400000000068e+02
1.538427000000000078e+02
1.538414300000000026e+02
1.538401299999999878e+02
1.538389300000000048e+02
1.538377099999999871e+02
1.538364899999999977e+02
1.538351399999999956e+02
1.538337199999999996e+02
1.538322400000000130e+02
1.538306599999999946e+02
1.538290399999999920e+02
1.538273900000000083e+02
1.538256700000000023e+02
1.538239299999999901e+02
1.538221200000000124e+02
1.538203000000000031e+02
1.538184300000000064e+02
1.538164600000000064e+02
1.538145100000000127e+02
1.538125000000000000e+02
1.538104399999999998e+02
1.538083200000000090e+02
1.538061500000000024e+02
1.538039400000000114e+02
1.538016700000000014e+02
1.537993600000000072e+02
1.537969600000000128e+02
1.537944999999999993e+02
1.537919599999999889e+02
1.537894000000000005e+02
1.537867300000000057e+02
1.537840199999999982e+02
1.537812000000000126e+02
1.537783599999999922e+02
1.537754199999999969e+02
1.537723900000000015e+02
1.537693099999999902e+02
1.537661300000000040e+02
1.537628499999999860e+02
1.537594899999999996e+02
1.537560699999999940e+02
1.537525300000000072e+02
1.537488700000000108e+02
1.537451599999999985e+02
1.537413799999999924e+02
1.537374299999999891e+02
1.537333999999999889e+02
1.537292700000000139e+02
1.537250099999999975e+02
1.537206600000000094e+02
1.537161900000000117e+02
1.537116000000000042e+02
1.537068700000000092e+02
1.537020400000000109e+02
1.536970699999999965e+02
1.536919599999999946e+02
1.536867499999999893e+02
1.536813699999999869e+02
1.536758299999999906e+02
1.536701500000000067e+02
1.536643400000000099e+02
1.536583799999999940e+02
1.536521899999999903e+02
1.536459099999999864e+02
1.536394300000000044e+02
1.536328000000000031e+02
1.536259599999999921e+02
1.536189799999999934e+02
1.536117999999999881e+02
1.536044100000000014e+02
1.535968100000000049e+02
1.535890400000000113e+02
1.535810500000000047e+02
1.535728300000000104e+02
1.535644000000000062e+02
1.535557399999999859e+02
1.535468899999999906e+02
1.535377300000000105e+02
1.535283799999999985e+02
1.535187699999999893e+02
1.535088900000000081e+02
1.534987299999999948e+02
1.534883399999999938e+02
1.534776300000000049e+02
1.534666699999999935e+02
1.534553799999999910e+02
1.534438199999999881e+02
1.534319299999999942e+02
1.534197200000000123e+02
1.534072199999999953e+02
1.533943299999999965e+02
1.533811399999999878e+02
1.533675700000000006e+02
1.533536100000000033e+02
1.533393299999999897e+02
1.533246599999999944e+02
1.533095700000000079e+02
1.532941199999999924e+02
1.532781899999999951e+02
1.532619100000000003e+02
1.532451700000000017e+02
1.532279499999999928e+02
1.532102899999999863e+02
1.531921600000000012e+02
1.531735500000000059e+02
1.531544199999999876e+02
1.531348299999999938e+02
1.531146599999999864e+02
1.530939700000000130e+02
1.530727500000000134e+02
1.530509399999999971e+02
1.530285499999999956e+02
1.530055800000000090e+02
1.529819999999999993e+02
1.529577800000000138e+02
1.529329199999999958e+02
1.529073799999999892e+02
1.528811599999999942e+02
1.528542899999999918e+02
1.528266700000000071e+02
1.527983399999999961e+02
1.527692299999999932e+02
1.527393199999999922e+02
1.527087199999999996e+02
1.526772300000000087e+02
1.526449200000000133e+02
1.526117600000000039e+02
1.525777300000000025e+02
1.525427999999999997e+02
1.525069499999999891e+02
1.524701100000000054e+02
1.524324000000000012e+02
1.523936300000000017e+02
1.523538499999999942e+02
1.523129900000000134e+02
1.522710999999999899e+02
1.522280900000000088e+02
1.521839799999999912e+02
1.521387000000000000e+02
1.520922500000000070e+02
1.520445699999999931e+02
1.519956500000000119e+02
1.519454499999999939e+02
1.518939499999999896e+02
1.518411299999999926e+02
1.517869200000000092e+02
1.517313100000000077e+02
1.516742900000000134e+02
1.516157300000000134e+02
1.515557100000000048e+02
1.514941399999999874e+02
1.514309800000000052e+02
1.513661899999999889e+02
1.512997499999999889e+02
1.512316399999999987e+02
1.511617699999999900e+02
1.510901200000000131e+02
1.510166499999999985e+02
1.509413099999999872e+02
1.508641000000000076e+02
1.507849099999999964e+02
1.507037300000000073e+02
1.506205699999999865e+02
1.505352800000000002e+02
1.504478300000000104e+02
1.503582499999999982e+02
1.502664599999999950e+02
1.501723599999999976e+02
1.500759700000000123e+02
1.499772000000000105e+02
1.498760699999999986e+02
1.497724000000000046e+02
1.496662499999999909e+02
1.495575300000000141e+02
1.494462200000000109e+02
1.493322000000000003e+02
1.492154700000000105e+02
1.490959900000000005e+02
1.489736900000000048e+02
1.488484799999999950e+02
1.487203599999999994e+02
1.485892800000000022e+02
1.484551299999999969e+02
1.483179299999999898e+02
1.481776000000000124e+02
1.480340799999999888e+02
1.478873399999999947e+02
1.477373100000000079e+02
1.475839100000000030e+02
1.474271400000000085e+02
1.472669300000000021e+02
1.471032500000000027e+02
1.469360700000000008e+02
1.467653200000000027e+02
1.465909200000000112e+02
1.464129000000000076e+02
1.462311300000000074e+02
1.460456599999999980e+02
1.458564100000000110e+02
1.456633600000000115e+02
1.454664699999999868e+02
1.452656399999999906e+02
1.450609499999999912e+02
1.448523299999999949e+02
1.446397699999999986e+02
1.444231800000000021e+02
1.442025999999999897e+02
1.439779900000000055e+02
1.437493299999999863e+02
1.435166399999999953e+02
1.432798799999999915e+02
1.430390600000000063e+02
1.427941299999999956e+02
1.425451600000000099e+02
1.422921000000000049e+02
1.420349699999999871e+02
1.417737899999999911e+02
1.415085699999999918e+02
1.412392800000000079e+02
1.409660100000000114e+02
1.406887099999999862e+02
1.404074699999999893e+02
1.401222600000000114e+02
1.398331599999999924e+02
1.395401400000000081e+02
1.392433100000000081e+02
1.389426200000000051e+02
1.386382000000000119e+02
1.383300199999999904e+02
1.380182000000000073e+02
1.377026999999999930e+02
1.373836300000000108e+02
1.370610499999999945e+02
1.367349900000000105e+02
1.364054999999999893e+02
1.360726300000000037e+02
1.357364699999999971e+02
1.353971099999999979e+02
1.350545600000000093e+02
1.347088599999999872e+02
1.343601299999999981e+02
1.340084400000000073e+02
1.336538400000000024e+02
1.332964000000000055e+02
1.329361299999999915e+02
1.325731900000000110e+02
1.322076199999999915e+02
1.318394600000000025e+02
1.314688299999999970e+02
1.310957699999999875e+02
1.307203399999999931e+02
1.303426499999999919e+02
1.299627199999999903e+02
1.295806900000000041e+02
1.291965399999999988e+02
1.288104099999999903e+02
1.284223299999999881e+02
1.280323699999999860e+02
1.276406300000000016e+02
1.272471400000000017e+02
1.268519500000000022e+02
1.264551600000000064e+02
1.260568399999999940e+02
1.256570300000000060e+02
1.252557800000000015e+02
1.248531799999999947e+02
1.244492800000000017e+02
1.240441000000000003e+02
1.236377999999999986e+02
1.232303200000000061e+02
1.228217499999999944e+02
1.224121899999999954e+02
1.220016200000000026e+02
1.215901400000000052e+02
1.211778000000000048e+02
1.207646500000000032e+02
1.203507100000000065e+02
1.199360400000000055e+02
1.195206900000000019e+02
1.191047200000000004e+02
1.186881199999999978e+02
1.182710199999999929e+02
1.178533800000000014e+02
1.174352899999999948e+02
1.170167600000000050e+02
1.165978499999999940e+02
1.161785799999999966e+02
1.157589600000000019e+02
1.153391100000000051e+02
1.149189899999999938e+02
1.144986499999999978e+02
1.140781400000000048e+02
1.136574499999999972e+02
1.132366999999999990e+02
1.128157999999999959e+02
1.123948800000000006e+02
1.119739100000000036e+02
1.115529200000000003e+02
1.111319600000000065e+02
1.107110299999999938e+02
1.102901700000000034e+02
1.098694100000000020e+02
1.094487599999999929e+02
1.090282600000000031e+02
1.086079000000000008e+02
1.081877099999999956e+02
1.077677400000000034e+02
1.073479600000000005e+02
1.069284300000000059e+02
1.065091699999999975e+02
1.060901300000000020e+02
1.056714000000000055e+02
1.052529799999999938e+02
1.048348500000000030e+02
1.044170699999999954e+02
1.039996199999999931e+02
1.035825099999999992e+02
1.031657799999999980e+02
1.027494200000000006e+02
1.023334600000000023e+02
1.019178799999999967e+02
1.015027000000000044e+02
1.010879400000000032e+02
1.006736099999999965e+02
1.002597099999999983e+02
9.984625200000000689e+01
9.943325199999999597e+01
9.902069099999999935e+01
9.860863899999999660e+01
9.819705799999999840e+01
9.778595400000000382e+01
9.737536400000000469e+01
9.696523100000000284e+01
9.655560599999999738e+01
9.614651499999999373e+01
9.573792000000000257e+01
9.532982199999999295e+01
9.492224699999999871e+01
9.451521099999999365e+01
9.410872000000000526e+01
9.370272400000000346e+01
9.329730100000000448e+01
9.289238400000000695e+01
9.248803300000000149e+01
9.208420599999999467e+01
9.168090300000000070e+01
9.127819300000000169e+01
9.087597100000000694e+01
9.047432999999999481e+01
9.007322700000000282e+01
8.967265799999999842e+01
8.927265500000000031e+01
8.887316900000000430e+01
8.847423799999999972e+01
8.807584799999999348e+01
8.767800300000000391e+01
8.728070800000000418e+01
8.688393499999999392e+01
8.648770899999999529e+01
8.609201899999999341e+01
8.569686799999999494e+01
8.530223399999999856e+01
8.490814899999999454e+01
8.451459099999999580e+01
8.412155199999999411e+01
8.372902399999999545e+01
8.333702399999999955e+01
8.294554999999999723e+01
8.255456399999999917e+01
8.216410100000000227e+01
8.177415299999999831e+01
8.138470700000000591e+01
8.099576100000000167e+01
8.060730999999999824e+01
8.021934699999999907e+01
7.983186600000000510e+01
7.944487900000000025e+01
7.905837200000000564e+01
7.867233299999999474e+01
7.828677799999999820e+01
7.790166499999999417e+01
7.751704700000000514e+01
7.713287900000000263e+01
7.674915599999999927e+01
7.636590499999999793e+01
7.598309100000000171e+01
7.560070899999999483e+01
7.521877399999999625e+01
7.483727000000000373e+01
7.445620599999999456e+01
7.407555700000000343e+01
7.369532100000000696e+01
7.331552800000000047e+01
7.293613000000000568e+01
7.255714299999999639e+01
7.217855199999999627e+01
7.180037599999999998e+01
7.142258599999999547e+01
7.104519999999999413e+01
7.066819900000000132e+01
7.029157800000000123e+01
6.991534299999999291e+01
6.953949400000000480e+01
6.916401799999999866e+01
6.878889900000000068e+01
6.841420399999999802e+01
6.803985299999999370e+01
6.766588099999999883e+01
6.729227299999999445e+01
6.691902899999999477e+01
6.654615300000000389e+01
6.617363899999999433e+01
6.580146999999999480e+01
6.542967000000000155e+01
6.505822999999999467e+01
6.468715400000000670e+01
6.431643599999999594e+01
6.394607299999999839e+01
6.357605199999999712e+01
6.320640800000000326e+01
6.283710599999999857e+01
6.246817800000000176e+01
6.209961200000000048e+01
6.173140599999999978e+01
6.136356899999999825e+01
6.099610700000000207e+01
6.062901500000000254e+01
6.026229299999999967e+01
5.989595099999999661e+01
5.953000200000000319e+01
5.916443900000000156e+01
5.879927399999999693e+01
5.843450800000000100e+01
5.807014999999999816e+01
5.770622199999999680e+01
5.734269400000000161e+01
5.697960900000000350e+01
5.661696700000000249e+01
5.625475000000000136e+01
5.589302699999999646e+01
5.553176200000000051e+01
5.517099199999999826e+01
5.481070600000000326e+01
5.445093599999999867e+01
5.409169099999999730e+01
5.373298799999999886e+01
5.337482200000000176e+01
5.301723299999999739e+01
5.266021099999999677e+01
5.230378000000000327e+01
5.194795299999999827e+01
5.159275999999999840e+01
5.123818500000000142e+01
5.088427399999999778e+01
5.053103699999999776e+01
5.017847799999999836e+01
4.982662899999999695e+01
4.947548499999999905e+01
4.912510699999999986e+01
4.877546699999999902e+01
4.842661700000000025e+01
4.807856699999999961e+01
4.773133099999999729e+01
4.738493100000000169e+01
4.703939900000000307e+01
4.669474300000000255e+01
4.635099199999999797e+01
4.600816199999999867e+01
4.566627499999999884e+01
4.532536000000000342e+01
4.498542499999999933e+01
4.464650699999999972e+01
4.430862700000000132e+01
4.397179400000000271e+01
4.363604699999999781e+01
4.330140399999999801e+01
4.296786600000000078e+01
4.263549400000000134e+01
4.230428799999999967e+01
4.197426399999999802e+01
4.164545700000000039e+01
4.131787400000000332e+01
4.099156099999999725e+01
4.066649999999999920e+01
4.034273799999999710e+01
4.002027799999999758e+01
3.969913300000000334e+01
3.937933799999999707e+01
3.906088600000000355e+01
3.874382899999999808e+01
3.842815999999999832e+01
3.811389799999999894e+01
3.780106599999999872e+01
3.748968599999999896e+01
3.717977799999999888e+01
3.687134400000000056e+01
3.656440700000000277e+01
3.625900099999999782e+01
3.595512300000000039e+01
3.565279699999999963e+01
3.535204900000000094e+01
3.505288800000000293e+01
3.475532199999999960e+01
3.445937500000000142e+01
3.416506799999999799e+01
3.387239000000000289e+01
3.358138999999999896e+01
3.329204299999999961e+01
3.300438199999999966e+01
3.271841100000000324e+01
3.243414899999999790e+01
3.215159400000000289e+01
3.187076599999999971e+01
3.159166000000000096e+01
3.131430699999999945e+01
3.103869500000000059e+01
3.076485900000000129e+01
3.049278599999999884e+01
3.022248599999999996e+01
2.995397200000000026e+01
2.968723400000000012e+01
2.942228199999999916e+01
2.915911399999999887e+01
2.889774299999999840e+01
2.863815999999999917e+01
2.838037299999999874e+01
2.812438099999999963e+01
2.787017799999999923e+01
2.761778199999999828e+01
2.736717099999999903e+01
2.711836299999999866e+01
2.687134199999999851e+01
2.662612400000000079e+01
2.638269400000000076e+01
2.614105500000000148e+01
2.590120399999999989e+01
2.566314300000000159e+01
2.542686700000000144e+01
2.519236700000000084e+01
2.495965100000000092e+01
2.472870199999999841e+01
2.449953100000000106e+01
2.427212799999999859e+01
2.404648099999999999e+01
2.382259200000000021e+01
2.360045699999999869e+01
2.338006599999999935e+01
2.316141700000000014e+01
2.294450700000000154e+01
2.272930799999999962e+01
2.251583000000000112e+01
2.230405899999999875e+01
2.209398399999999896e+01
2.188559199999999905e+01
2.167887400000000042e+01
2.147381199999999879e+01
2.127038500000000099e+01
2.106858700000000084e+01
2.086839399999999856e+01
2.066978599999999844e+01
2.047275199999999984e+01
2.027724399999999960e+01
2.008326299999999875e+01
1.989076899999999881e+01
1.969973299999999838e+01
1.951013499999999823e+01
1.932193399999999883e+01
1.913510399999999834e+01
1.894961100000000087e+01
1.876542699999999897e+01
1.858251500000000078e+01
1.840085099999999940e+01
1.822040600000000055e+01
1.804114999999999824e+01
1.786307000000000045e+01
1.768614499999999978e+01
1.751035900000000112e+01
1.733571799999999996e+01
1.716221000000000174e+01
1.698984199999999944e+01
1.681861500000000120e+01
1.664855000000000018e+01
1.647966699999999918e+01
1.631198799999999949e+01
1.614554199999999895e+01
1.598037099999999988e+01
1.581650400000000012e+01
1.565398199999999918e+01
1.549284100000000031e+01
1.533312100000000022e+01
1.517486700000000077e+01
1.501809899999999942e+01
1.486285900000000026e+01
1.470916399999999946e+01
1.455704599999999971e+01
1.440651500000000063e+01
1.425758199999999931e+01
1.411026000000000025e+01
1.396454600000000035e+01
1.382043799999999933e+01
1.367792999999999992e+01
1.353701000000000043e+01
1.339766900000000049e+01
1.325988599999999984e+01
1.312364200000000025e+01
1.298892000000000024e+01
1.285570000000000057e+01
1.272395299999999985e+01
1.259365799999999957e+01
1.246479800000000004e+01
1.233733999999999931e+01
1.221126800000000046e+01
1.208655399999999958e+01
1.196317999999999948e+01
1.184112400000000065e+01
1.172035900000000019e+01
1.160086599999999990e+01
1.148263000000000034e+01
1.136562699999999992e+01
1.124983699999999942e+01
1.113524499999999939e+01
1.102183199999999985e+01
1.090958099999999931e+01
1.079847799999999935e+01
1.068850300000000075e+01
1.057964600000000033e+01
1.047189200000000042e+01
1.036522199999999927e+01
1.025962700000000005e+01
1.015508999999999951e+01
1.005160500000000035e+01
9.949153400000000147e+00
9.847737099999999799e+00
9.747329199999999361e+00
9.647933899999999952e+00
9.549528699999999759e+00
9.452109999999999346e+00
9.355663200000000401e+00
9.260176700000000594e+00
9.165643499999999833e+00
9.072052899999999198e+00
8.979395500000000752e+00
8.887660500000000852e+00
8.796841199999999361e+00
8.706924700000000072e+00
8.617901899999999671e+00
8.529768100000000075e+00
8.442509199999999936e+00
8.356122799999999629e+00
8.270596599999999299e+00
8.185924800000000445e+00
8.102094700000000316e+00
8.019101900000000782e+00
7.936939899999999604e+00
7.855596799999999824e+00
7.775066999999999950e+00
7.695342400000000360e+00
7.616415700000000122e+00
7.538281500000000079e+00
7.460927299999999818e+00
7.384349600000000180e+00
7.308539999999999814e+00
7.233490299999999706e+00
7.159195500000000045e+00
7.085647500000000321e+00
7.012838600000000255e+00
6.940762499999999946e+00
6.869411799999999957e+00
6.798782499999999729e+00
6.728864500000000248e+00
6.659654800000000208e+00
6.591142600000000407e+00
6.523325500000000332e+00
6.456193700000000035e+00
6.389743400000000406e+00
6.323965499999999906e+00
6.258856800000000220e+00
6.194409099999999668e+00
6.130614699999999750e+00
6.067469400000000235e+00
6.004967800000000189e+00
5.943102200000000224e+00
5.881866900000000342e+00
5.821256499999999612e+00
5.761264800000000186e+00
5.701884299999999683e+00
5.643112099999999742e+00
5.584940900000000319e+00
5.527367400000000153e+00
5.470383899999999855e+00
5.413986699999999708e+00
5.358170000000000321e+00
5.302927500000000016e+00
5.248251899999999637e+00
5.194139800000000307e+00
5.140582700000000393e+00
5.087578399999999945e+00
5.035118599999999667e+00
4.983198899999999654e+00
4.931813199999999675e+00
4.880957800000000013e+00
4.830624700000000438e+00
4.780811199999999594e+00
4.731511199999999917e+00
4.682718099999999772e+00
4.634430599999999956e+00
4.586638800000000238e+00
4.539341300000000246e+00
4.492532500000000262e+00
4.446205499999999589e+00
4.400358100000000050e+00
4.354982800000000154e+00
4.310077299999999667e+00
4.265635299999999575e+00
4.221652500000000252e+00
4.178124500000000019e+00
4.135046499999999625e+00
4.092414100000000055e+00
4.050223400000000140e+00
4.008467699999999745e+00
3.967144100000000062e+00
3.926248999999999878e+00
3.885775499999999827e+00
3.845722700000000049e+00
3.806083399999999894e+00
3.766854599999999831e+00
3.728030899999999814e+00
3.689611699999999939e+00
3.651587899999999998e+00
3.613942600000000116e+00
3.576681699999999964e+00
3.539899099999999965e+00
3.503734999999999822e+00
3.468158700000000039e+00
3.432907099999999989e+00
3.397769999999999957e+00
3.362790400000000179e+00
3.328123100000000001e+00
3.293831500000000023e+00
3.259906799999999993e+00
3.226332300000000153e+00
3.193106100000000058e+00
3.160222000000000087e+00
3.127681299999999887e+00
3.095478299999999905e+00
3.063610300000000120e+00
3.032073700000000205e+00
3.000863999999999976e+00
2.969979200000000041e+00
2.939415200000000006e+00
2.909169100000000174e+00
2.879236899999999988e+00
2.849615099999999845e+00
2.820300399999999819e+00
2.791290699999999791e+00
2.762582000000000093e+00
2.734170900000000071e+00
2.706053600000000170e+00
2.678228799999999854e+00
2.650692400000000060e+00
2.623441500000000204e+00
2.596473000000000031e+00
2.569783800000000173e+00
2.543371099999999885e+00
2.517231999999999914e+00
2.491363799999999795e+00
2.465762999999999927e+00
2.440427800000000147e+00
2.415354999999999919e+00
2.390541300000000202e+00
2.365984000000000087e+00
2.341682000000000041e+00
2.317630499999999927e+00
2.293827999999999978e+00
2.270271699999999893e+00
2.246959200000000045e+00
2.223887099999999784e+00
2.201053799999999949e+00
2.178456000000000170e+00
2.156091500000000050e+00
2.133958499999999869e+00
2.112053899999999818e+00
2.090375299999999825e+00
2.068921099999999846e+00
2.047688299999999906e+00
2.026674299999999818e+00
2.005877900000000214e+00
1.985295800000000055e+00
1.964926200000000067e+00
1.944767099999999971e+00
1.924817000000000000e+00
1.905071699999999923e+00
1.885530600000000057e+00
1.866191900000000015e+00
1.847052300000000091e+00
1.828110399999999913e+00
1.809363999999999972e+00
1.790811600000000059e+00
1.772450599999999987e+00
1.754280099999999898e+00
1.736297299999999932e+00
1.718500799999999940e+00
1.700889499999999943e+00
1.683460100000000015e+00
1.666211399999999898e+00
1.649141799999999991e+00
1.632248600000000049e+00
1.615530799999999934e+00
1.598986000000000018e+00
1.582612700000000094e+00
1.566408999999999940e+00
1.550373299999999954e+00
1.534503299999999903e+00
1.518798099999999929e+00
1.503255400000000019e+00
1.487873900000000082e+00
1.472651699999999897e+00
1.457586999999999966e+00
1.442678499999999975e+00
1.427924399999999983e+00
1.413322900000000049e+00
1.398873199999999928e+00
1.384572799999999937e+00
1.370420900000000053e+00
1.356415499999999996e+00
1.342554800000000048e+00
1.328838100000000022e+00
1.315263400000000082e+00
1.301829499999999973e+00
1.288535299999999939e+00
1.275378399999999912e+00
1.262358499999999939e+00
1.249474299999999927e+00
1.236723500000000087e+00
1.224105299999999952e+00
1.211618499999999932e+00
1.199261899999999992e+00
1.187033500000000075e+00
1.174933199999999900e+00
1.162958500000000006e+00
1.151108599999999926e+00
1.139382600000000023e+00
1.127778799999999970e+00
1.116296399999999966e+00
1.104933799999999966e+00
1.093690499999999899e+00
1.082564599999999988e+00
1.071555000000000035e+00
1.060660900000000018e+00
1.049880900000000006e+00
1.039213799999999965e+00
1.028658800000000095e+00
1.018214600000000081e+00
1.007880000000000109e+00
9.976543700000000126e-01
9.875360199999999589e-01
9.775247999999999715e-01
9.676192099999999519e-01
9.578179500000000290e-01
9.481206699999999987e-01
9.385255300000000522e-01
9.290320100000000192e-01
9.196388699999999972e-01
9.103449000000000124e-01
9.011494300000000290e-01
8.920511800000000546e-01
8.830492500000000078e-01
8.741427299999999789e-01
8.653305799999999604e-01
8.566118000000000343e-01
8.479853600000000213e-01
8.394504699999999486e-01
8.310060400000000014e-01
8.226514200000000221e-01
8.143852900000000394e-01
8.062069299999999883e-01
7.981153699999999906e-01
7.901098600000000527e-01
7.821893300000000160e-01
7.743528800000000212e-01
7.665994499999999601e-01
7.589284699999999662e-01
7.513388300000000131e-01
7.438300100000000414e-01
7.364008600000000460e-01
7.290506799999999510e-01
7.217784900000000503e-01
7.145839800000000075e-01
7.074656499999999459e-01
7.004233800000000398e-01
6.934559599999999824e-01
6.865625400000000544e-01
6.797428100000000306e-01
6.729955600000000482e-01
6.663203899999999846e-01
6.597161900000000356e-01
6.531824899999999490e-01
6.467186299999999610e-01
6.403235299999999741e-01
6.339966400000000002e-01
6.277374599999999694e-01
6.215448900000000165e-01
6.154183699999999924e-01
6.093574000000000490e-01
6.033610099999999754e-01
5.974288199999999716e-01
5.915597099999999608e-01
5.857537000000000438e-01
5.800094199999999978e-01
5.743267600000000472e-01
5.687046199999999940e-01
5.631426899999999458e-01
5.576400999999999719e-01
5.521968000000000432e-01
5.468116400000000432e-01
5.414843000000000295e-01
5.362140699999999871e-01
5.310003599999999491e-01
5.258425399999999694e-01
5.207400300000000204e-01
5.156921100000000369e-01
5.106984100000000470e-01
5.057582699999999543e-01
5.008710800000000241e-01
4.960363300000000253e-01
4.912533399999999828e-01
4.865216399999999775e-01
4.818407100000000054e-01
4.772099899999999728e-01
4.726289399999999974e-01
4.680971500000000174e-01
4.636137300000000017e-01
4.591786500000000215e-01
4.547911000000000037e-01
4.504505699999999946e-01
4.461566800000000277e-01
4.419090900000000044e-01
4.377069599999999783e-01
4.335501299999999780e-01
4.294378600000000046e-01
4.253698100000000148e-01
4.213455300000000237e-01
4.173646500000000037e-01
4.134265599999999985e-01
4.095309999999999784e-01
4.056775300000000084e-01
4.018657600000000163e-01
3.980950300000000164e-01
3.943651200000000134e-01
3.906755800000000223e-01
3.870260300000000209e-01
3.834159600000000001e-01
3.798450700000000069e-01
3.763128199999999923e-01
3.728189299999999928e-01
3.693628899999999993e-01
3.659444700000000217e-01
3.625632100000000246e-01
3.592186600000000229e-01
3.559104200000000051e-01
3.526381599999999783e-01
3.494014599999999970e-01
3.462000800000000211e-01
3.430334299999999725e-01
3.399013399999999963e-01
3.368032499999999985e-01
3.337390100000000026e-01
3.307081700000000235e-01
3.277105699999999788e-01
3.247457300000000102e-01
3.218135100000000248e-01
3.189135499999999901e-01
3.160455699999999979e-01
3.132092200000000104e-01
3.104042900000000271e-01
3.076305300000000131e-01
3.048877199999999732e-01
3.021755400000000202e-01
2.994936799999999844e-01
2.968420399999999737e-01
2.942201700000000031e-01
2.916278900000000007e-01
2.890650200000000059e-01
2.865311300000000228e-01
2.840261099999999983e-01
2.815495900000000162e-01
2.791013700000000153e-01
2.766810800000000237e-01
2.742884400000000222e-01
2.719232300000000158e-01
2.695850799999999770e-01
2.672737399999999819e-01
2.649888599999999927e-01
2.627301300000000062e-01
2.604974099999999848e-01
2.582903100000000229e-01
2.561086300000000038e-01
2.539521200000000034e-01
2.518206100000000003e-01
2.497139200000000059e-01
2.476317899999999905e-01
2.455741100000000121e-01
2.435407800000000123e-01
2.415316999999999881e-01
2.395467500000000027e-01
2.375861599999999907e-01
2.356497499999999912e-01
2.337373699999999999e-01
2.318488499999999952e-01
2.299841699999999878e-01
2.281437199999999943e-01
2.263272899999999865e-01
2.245345699999999889e-01
2.227657000000000109e-01
2.210209599999999885e-01
2.192997899999999944e-01
2.176017899999999894e-01
2.159278000000000031e-01
2.142785700000000015e-01
2.126532600000000106e-01
2.110507199999999972e-01
2.094718799999999992e-01
2.079180999999999946e-01
2.063891099999999867e-01
2.048835400000000029e-01
2.034012099999999990e-01
2.019433900000000004e-01
2.005104600000000015e-01
1.991008700000000131e-01
1.977137499999999937e-01
1.963500300000000087e-01
1.950113400000000052e-01
1.936972299999999980e-01
1.924025000000000041e-01
1.911217100000000002e-01
1.898872000000000060e-01
1.886953100000000050e-01
1.875100000000000100e-01
1.863312699999999933e-01
1.851589899999999955e-01
1.839931800000000062e-01
1.828338499999999922e-01
1.816808500000000048e-01
1.805342799999999914e-01
1.793940800000000113e-01
1.782601600000000008e-01
1.771326099999999959e-01
1.760112899999999869e-01
1.748962799999999873e-01
1.737875000000000114e-01
1.726849299999999865e-01
1.715885000000000049e-01
1.704982700000000073e-01
1.694141500000000133e-01
1.683360999999999885e-01
1.672641400000000056e-01
1.661982200000000076e-01
1.651382899999999931e-01
1.640843300000000005e-01
1.630362800000000056e-01
1.619941699999999929e-01
1.609578799999999976e-01
1.599273200000000117e-01
1.589026099999999997e-01
1.578836499999999865e-01
1.568703599999999865e-01
1.558628099999999905e-01
1.548609300000000077e-01
1.538647200000000104e-01
1.528741499999999864e-01
1.518891199999999886e-01
1.509097000000000077e-01
1.499358500000000094e-01
1.489675000000000027e-01
1.480046499999999876e-01
1.470472399999999957e-01
1.460953399999999902e-01
1.451487800000000050e-01
1.442076800000000047e-01
1.432718900000000128e-01
1.423414899999999872e-01
1.414163800000000082e-01
1.404965499999999978e-01
1.395820000000000116e-01
1.386727000000000098e-01
1.377685999999999911e-01
1.368696799999999936e-01
1.359759100000000054e-01
1.350872800000000040e-01
1.342037700000000000e-01
1.333253399999999866e-01
1.324519200000000008e-01
1.315834999999999921e-01
1.307200199999999923e-01
1.298614899999999961e-01
1.290078699999999967e-01
1.281591400000000047e-01
1.273152899999999976e-01
1.264762799999999965e-01
1.256421100000000013e-01
1.248127700000000034e-01
1.239881800000000034e-01
1.231683900000000026e-01
1.223533599999999943e-01
1.215430400000000050e-01
1.207374400000000014e-01
1.199364900000000067e-01
1.191402299999999997e-01
1.183485900000000035e-01
1.175616000000000022e-01
1.167792099999999944e-01
1.160013800000000012e-01
1.152281200000000033e-01
1.144593899999999942e-01
1.136951800000000068e-01
1.129354699999999961e-01
1.121802400000000005e-01
1.114294299999999960e-01
1.106830899999999979e-01
1.099411099999999947e-01
1.092035600000000051e-01
1.084703699999999965e-01
1.077415399999999968e-01
1.070170099999999958e-01
1.062968200000000002e-01
1.055808800000000020e-01
1.048691800000000063e-01
1.041616800000000065e-01
1.034583500000000045e-01
1.027591999999999950e-01
1.020641899999999991e-01
1.013732799999999962e-01
1.006864999999999982e-01
1.000038000000000038e-01
9.932519800000000343e-02
9.865067399999999376e-02
9.798018399999999795e-02
9.731373599999999791e-02
9.665131000000000416e-02
9.599290800000000179e-02
9.533846999999999461e-02
9.468800400000000617e-02
9.404147899999999727e-02
9.339888500000000093e-02
9.276020399999999888e-02
9.212541000000000480e-02
9.149451200000000006e-02
9.086744800000000344e-02
9.024421400000000315e-02
8.962480700000000078e-02
8.900915900000000436e-02
8.839723800000000298e-02
8.778904099999999822e-02
8.718454900000000007e-02
8.658375199999999994e-02
8.598663800000000412e-02
8.539317400000000224e-02
8.480335399999999746e-02
8.421716199999999819e-02
8.363457700000000161e-02
8.305558400000000174e-02
8.248014900000000260e-02
8.190829600000000543e-02
8.133997599999999439e-02
8.077518699999999829e-02
8.021388799999999708e-02
7.965610600000000430e-02
7.910179500000000252e-02
7.855092700000000649e-02
7.800348599999999688e-02
7.745948099999999670e-02
7.691888700000000523e-02
7.638166799999999979e-02
7.584784399999999760e-02
7.531734199999999546e-02
7.479017599999999988e-02
7.426628700000000027e-02
7.374566800000000033e-02
7.322831400000000268e-02
7.271420500000000398e-02
7.220332000000000139e-02
7.169565699999999597e-02
7.119120900000000529e-02
7.068992500000000068e-02
7.019181700000000357e-02
6.969686099999999884e-02
6.920506699999999511e-02
6.871638400000000535e-02
6.823080199999999318e-02
6.774834000000000411e-02
6.726894699999999561e-02
6.679261499999999963e-02
6.631932299999999947e-02
6.584906999999999566e-02
6.538180400000000170e-02
6.491749400000000614e-02
6.445613299999999879e-02
6.399772700000000425e-02
6.354224099999999931e-02
6.308966500000000310e-02
6.263998699999999420e-02
6.219321099999999825e-02
6.174929600000000213e-02
6.130827199999999699e-02
6.087006799999999940e-02
6.043470799999999671e-02
6.000219200000000280e-02
5.957245500000000332e-02
5.914553300000000013e-02
5.872137899999999716e-02
5.829999899999999818e-02
5.788136299999999818e-02
5.746548800000000207e-02
5.705232400000000148e-02
5.664184399999999675e-02
5.623403600000000113e-02
5.582887000000000266e-02
5.542637100000000205e-02
5.502649400000000218e-02
5.462926099999999840e-02
5.423463199999999790e-02
5.384262000000000076e-02
5.345319099999999712e-02
5.306633499999999920e-02
5.268204199999999837e-02
5.230028500000000191e-02
5.192108599999999824e-02
5.154439699999999874e-02
5.117021900000000290e-02
5.079852700000000304e-02
5.042931500000000233e-02
5.006258000000000236e-02
4.969828200000000334e-02
4.933643299999999898e-02
4.897699900000000023e-02
4.861997400000000330e-02
4.826531399999999666e-02
4.791300200000000314e-02
4.756301899999999805e-02
4.721533599999999664e-02
4.686998299999999701e-02
4.652692299999999781e-02
4.618616100000000335e-02
4.584767499999999746e-02
4.551145799999999769e-02
4.517749599999999754e-02
4.484578499999999912e-02
4.451631400000000127e-02
4.418907300000000232e-02
4.386404199999999892e-02
4.354122400000000337e-02
4.322060199999999686e-02
4.290216200000000063e-02
4.258589499999999861e-02
4.227178699999999817e-02
4.195982300000000026e-02
4.165001599999999804e-02
4.134232599999999869e-02
4.103675400000000167e-02
4.073327599999999882e-02
4.043187499999999907e-02
4.013251100000000265e-02
3.983516100000000087e-02
3.953983199999999698e-02
3.924651500000000265e-02
3.895519100000000012e-02
3.866586400000000118e-02
3.837850100000000236e-02
3.809311499999999684e-02
3.780969199999999891e-02
3.752821099999999882e-02
3.724867899999999982e-02
3.697106800000000276e-02
3.669538099999999914e-02
3.642159200000000263e-02
3.614971599999999841e-02
3.587971899999999742e-02
3.561160399999999809e-02
3.534535700000000086e-02
3.508094999999999963e-02
3.481840199999999830e-02
3.455768800000000307e-02
3.429878900000000314e-02
3.404170000000000113e-02
3.378641799999999862e-02
3.353293100000000193e-02
3.328122299999999867e-02
3.303125400000000295e-02
3.278301499999999868e-02
3.253647400000000273e-02
3.229164200000000234e-02
3.204850000000000060e-02
3.180704200000000065e-02
3.156726800000000249e-02
3.132916599999999857e-02
3.109273900000000118e-02
3.085798099999999961e-02
3.062487300000000037e-02
3.039341500000000001e-02
3.016359500000000138e-02
2.993540700000000068e-02
2.970884099999999972e-02
2.948388099999999998e-02
2.926051899999999872e-02
2.903875900000000079e-02
2.881858199999999884e-02
2.859997300000000076e-02
2.838293600000000097e-02
2.816745199999999907e-02
2.795351399999999875e-02
2.774111099999999885e-02
2.753023699999999907e-02
2.732088200000000119e-02
2.711303699999999955e-02
2.690669000000000047e-02
2.670184000000000099e-02
2.649846200000000040e-02
2.629656799999999933e-02
2.609610600000000086e-02
2.589706400000000089e-02
2.569944500000000132e-02
2.550322799999999931e-02
2.530842599999999845e-02
2.511501799999999937e-02
2.492300700000000049e-02
2.473237699999999983e-02
2.454313500000000065e-02
2.435526600000000041e-02
2.416876399999999883e-02
2.398361900000000116e-02
2.379981999999999931e-02
2.361737300000000053e-02
2.343625900000000095e-02
2.325647399999999920e-02
2.307800999999999950e-02
2.290084100000000164e-02
2.272494499999999987e-02
2.255031600000000080e-02
2.237694800000000067e-02
2.220482999999999832e-02
2.203396100000000121e-02
2.186433399999999916e-02
2.169593900000000089e-02
2.152877400000000052e-02
2.136282600000000143e-02
2.119809699999999908e-02
2.103457300000000085e-02
2.087224799999999950e-02
2.071111399999999922e-02
2.055116499999999971e-02
2.039239699999999961e-02
2.023479799999999829e-02
2.007836199999999890e-02
1.992307899999999979e-02
1.976892400000000022e-02
1.961588400000000010e-02
1.946394799999999828e-02
1.931311999999999959e-02
1.916337499999999985e-02
1.901472599999999916e-02
1.886716500000000171e-02
1.872068099999999943e-02
1.857526699999999947e-02
1.843091999999999994e-02
1.828763599999999948e-02
1.814541000000000071e-02
1.800423199999999849e-02
1.786409599999999945e-02
1.772500299999999959e-02
1.758695199999999945e-02
1.744993400000000028e-02
1.731395200000000051e-02
1.717899100000000109e-02
1.704504899999999962e-02
1.691211199999999998e-02
1.678014599999999926e-02
1.664915399999999934e-02
1.651912300000000014e-02
1.639004999999999976e-02
1.626193999999999903e-02
1.613477699999999945e-02
1.600856200000000049e-02
1.588329900000000003e-02
1.575897199999999956e-02
1.563557700000000120e-02
1.551311699999999988e-02
1.539157399999999988e-02
1.527096099999999956e-02
1.515125900000000025e-02
1.503246500000000006e-02
1.491457700000000004e-02
1.479758699999999920e-02
1.468149000000000017e-02
1.456627999999999916e-02
1.445195399999999950e-02
1.433850000000000055e-02
1.422592100000000075e-02
1.411419199999999936e-02
1.400328900000000036e-02
1.389320800000000064e-02
1.378393699999999958e-02
1.367548300000000043e-02
1.356784100000000062e-02
1.346100700000000053e-02
1.335497599999999931e-02
1.324974200000000012e-02
1.314531000000000033e-02
1.304166699999999984e-02
1.293881099999999972e-02
1.283673899999999979e-02
1.273544400000000028e-02
1.263492700000000066e-02
1.253517300000000015e-02
1.243618600000000012e-02
1.233795799999999956e-02
1.224048099999999924e-02
1.214375600000000034e-02
1.204777200000000000e-02
1.195252299999999962e-02
1.185800600000000080e-02
1.176421400000000027e-02
1.167114500000000082e-02
1.157879000000000026e-02
1.148713099999999938e-02
1.139614000000000078e-02
1.130582200000000009e-02
1.121616500000000016e-02
1.112717499999999957e-02
1.103884299999999957e-02
1.095116699999999950e-02
1.086414299999999972e-02
1.077777100000000023e-02
1.069204300000000003e-02
1.060696099999999982e-02
1.052251799999999980e-02
1.043871099999999982e-02
1.035553699999999973e-02
1.027299299999999936e-02
1.019107399999999962e-02
1.010977899999999929e-02
1.002910299999999928e-02
9.949042499999999692e-03
9.869602700000000561e-03
9.790778300000000517e-03
9.712565899999999267e-03
9.634960799999999978e-03
9.557962799999999981e-03
9.481557599999999170e-03
9.405751800000000662e-03
9.330535500000000648e-03
9.255903700000000026e-03
9.181856099999999993e-03
9.108387399999999176e-03
9.035470699999999245e-03
8.963102199999999770e-03
8.891275900000000440e-03
8.819993499999999667e-03
8.749255100000000521e-03
8.679056100000000565e-03
8.609395199999999790e-03
8.540272499999999531e-03
8.471686699999999778e-03
8.403634599999999441e-03
8.336113799999999435e-03
8.269121200000000005e-03
8.202653400000000858e-03
8.136708600000000513e-03
8.071283800000000550e-03
8.006376600000000149e-03
7.941977299999999906e-03
7.878072399999999989e-03
7.814649800000000174e-03
7.751715200000000236e-03
7.689258600000000235e-03
7.627280499999999908e-03
7.565779100000000375e-03
7.504752899999999824e-03
7.444195699999999610e-03
7.384104499999999578e-03
7.324479099999999659e-03
7.265312999999999806e-03
7.206605199999999677e-03
7.148350300000000032e-03
7.090546100000000122e-03
7.033189199999999655e-03
6.976275500000000268e-03
6.919800400000000393e-03
6.863760400000000136e-03
6.808142599999999871e-03
6.752942700000000298e-03
6.698156000000000249e-03
6.643783200000000395e-03
6.589820700000000378e-03
6.536268700000000265e-03
6.483126500000000250e-03
6.430388799999999828e-03
6.378057799999999750e-03
6.326127699999999771e-03
6.274590800000000301e-03
6.223440799999999627e-03
6.172675699999999668e-03
6.122295399999999957e-03
6.072298599999999616e-03
6.022685899999999717e-03
5.973451500000000018e-03
5.924596499999999592e-03
5.876119400000000097e-03
5.828017500000000177e-03
5.780283399999999912e-03
5.732907800000000033e-03
5.685893099999999624e-03
5.639235000000000254e-03
5.592934199999999995e-03
5.546994999999999877e-03
5.501419300000000116e-03
5.456200799999999865e-03
5.411338100000000380e-03
5.366831399999999995e-03
5.322676999999999617e-03
5.278866400000000250e-03
5.235391600000000034e-03
5.192251900000000031e-03
5.149445199999999959e-03
5.106974099999999836e-03
5.064832699999999820e-03
5.023023500000000328e-03
4.981542700000000067e-03
4.940389300000000428e-03
4.899558800000000311e-03
4.859050900000000048e-03
4.818861399999999941e-03
4.778978300000000234e-03
4.739399499999999779e-03
4.700121100000000281e-03
4.661141899999999595e-03
4.622461300000000120e-03
4.584076599999999634e-03
4.545986600000000329e-03
4.508190700000000266e-03
4.470683100000000069e-03
4.433466300000000158e-03
4.396536799999999773e-03
4.359889599999999810e-03
4.323520400000000104e-03
4.287419800000000052e-03
4.251586199999999975e-03
4.216018799999999601e-03
4.180715899999999652e-03
4.145676499999999785e-03
4.110899700000000129e-03
4.076382499999999659e-03
4.042125599999999916e-03
4.008126199999999945e-03
3.974384899999999950e-03
3.940898499999999707e-03
3.907667299999999753e-03
3.874686000000000016e-03
3.841946000000000163e-03
3.809445399999999982e-03
3.777182200000000090e-03
3.745156400000000056e-03
3.713366400000000199e-03
3.681812599999999790e-03
3.650492600000000178e-03
3.619405799999999857e-03
3.588552999999999969e-03
3.557931600000000059e-03
3.527540899999999889e-03
3.497379599999999884e-03
3.467448000000000145e-03
3.437744999999999863e-03
3.408261000000000103e-03
3.378993099999999875e-03
3.349939599999999899e-03
3.321101500000000085e-03
3.292476500000000080e-03
3.264066899999999802e-03
3.235868399999999954e-03
3.207883199999999983e-03
3.180108999999999974e-03
3.152547999999999809e-03
3.125201699999999999e-03
3.098074000000000140e-03
3.071160800000000135e-03
3.044462400000000086e-03
3.017976999999999813e-03
2.991701199999999890e-03
2.965627399999999896e-03
2.939755100000000093e-03
2.914082200000000199e-03
2.888608100000000008e-03
2.863332699999999922e-03
2.838253900000000090e-03
2.813371700000000079e-03
2.788685300000000051e-03
2.764192600000000156e-03
2.739892299999999951e-03
2.715780100000000138e-03
2.691852900000000094e-03
2.668109100000000140e-03
2.644548899999999911e-03
2.621168599999999880e-03
2.597967899999999945e-03
2.574946900000000139e-03
2.552101000000000196e-03
2.529432199999999929e-03
2.506937900000000188e-03
2.484615500000000084e-03
2.462464100000000180e-03
2.440481699999999792e-03
2.418666299999999974e-03
2.397017799999999824e-03
2.375534600000000097e-03
2.354215800000000053e-03
2.333060499999999819e-03
2.312068799999999862e-03
2.291238699999999934e-03
2.270570500000000137e-03
2.250062699999999961e-03
2.229713400000000057e-03
2.209522499999999959e-03
2.189487899999999817e-03
2.169608400000000090e-03
2.149884300000000012e-03
2.130314700000000144e-03
2.110899399999999985e-03
2.091637600000000128e-03
2.072528299999999799e-03
2.053572599999999807e-03
2.034769599999999845e-03
2.016118199999999971e-03
1.997617399999999845e-03
1.979266800000000198e-03
1.961066300000000127e-03
1.943014700000000091e-03
1.925112600000000078e-03
1.907359599999999952e-03
1.889755599999999895e-03
1.872300099999999953e-03
1.854992800000000025e-03
1.837832200000000032e-03
1.820817400000000101e-03
1.803948400000000016e-03
1.787223899999999983e-03
1.770643799999999969e-03
1.754212300000000105e-03
1.737928900000000002e-03
1.721792599999999972e-03
1.705802100000000003e-03
1.689956000000000054e-03
1.674253799999999952e-03
1.658693599999999917e-03
1.643274199999999975e-03
1.627994499999999966e-03
1.612853100000000064e-03
1.597849099999999961e-03
1.582980899999999981e-03
1.568247199999999895e-03
1.553647600000000002e-03
1.539180700000000040e-03
1.524845799999999989e-03
1.510641899999999940e-03
1.496568499999999940e-03
1.482624400000000014e-03
1.468808800000000105e-03
1.455120700000000090e-03
1.441559000000000026e-03
1.428122999999999893e-03
1.414811599999999964e-03
1.401624699999999991e-03
1.388562299999999972e-03
1.375623799999999919e-03
1.362808600000000063e-03
1.350115100000000073e-03
1.337542799999999997e-03
1.325091399999999949e-03
1.312759400000000068e-03
1.300544500000000003e-03
1.288446800000000005e-03
1.276465299999999950e-03
1.264600700000000078e-03
1.252852100000000080e-03
1.241218000000000096e-03
1.229697299999999967e-03
1.218288899999999970e-03
1.206991400000000060e-03
1.195803399999999976e-03
1.184723300000000042e-03
1.173749800000000029e-03
1.162881499999999894e-03
1.152118900000000026e-03
1.141461400000000001e-03
1.130908099999999947e-03
1.120456900000000016e-03
1.110106600000000015e-03
1.099856699999999989e-03
1.089706800000000021e-03
1.079656299999999904e-03
1.069704500000000051e-03
1.059848499999999907e-03
1.050087699999999917e-03
1.040421599999999912e-03
1.030850600000000027e-03
1.021373899999999989e-03
1.011990699999999960e-03
1.002697799999999933e-03
9.934957299999999571e-04
9.843846199999999481e-04
9.753646699999999736e-04
9.664340499999999733e-04
9.575922200000000451e-04
9.488359799999999651e-04
9.401641700000000317e-04
9.315767799999999594e-04
9.230722899999999672e-04
9.146503399999999758e-04
9.063101499999999576e-04
8.980492399999999561e-04
8.898654200000000484e-04
8.817588000000000118e-04
8.737289099999999897e-04
8.657750499999999601e-04
8.578966500000000323e-04
8.500925300000000424e-04
8.423590899999999554e-04
8.346961900000000054e-04
8.271035799999999988e-04
8.195806599999999479e-04
8.121270400000000014e-04
8.047420399999999493e-04
7.974238400000000166e-04
7.901703400000000292e-04
7.829810100000000449e-04
7.758555699999999901e-04
7.687935099999999508e-04
7.617944399999999677e-04
7.548576800000000473e-04
7.479811399999999758e-04
7.411639700000000053e-04
7.344065299999999984e-04
7.277084099999999670e-04
7.210695200000000540e-04
7.144890200000000380e-04
7.079666100000000335e-04
7.015005800000000428e-04
6.950881899999999556e-04
6.887293500000000231e-04
6.824240999999999771e-04
6.761721700000000290e-04
6.699735299999999734e-04
6.638277799999999992e-04
6.577341699999999592e-04
6.516896400000000457e-04
6.456934900000000201e-04
6.397457900000000364e-04
6.338463400000000263e-04
6.279947899999999790e-04
6.221912700000000254e-04
6.164353899999999893e-04
6.107262700000000259e-04
6.050612399999999620e-04
5.994401999999999803e-04
5.938627000000000359e-04
5.883287700000000087e-04
5.828381000000000534e-04
5.773906400000000444e-04
5.719859299999999766e-04
5.666236000000000276e-04
5.613017199999999944e-04
5.560210299999999561e-04
5.507820400000000430e-04
5.455847200000000499e-04
5.404275400000000187e-04
5.353099600000000473e-04
5.302315899999999593e-04
5.251928699999999480e-04
5.201920999999999759e-04
5.152287900000000493e-04
5.103030399999999855e-04
5.054147600000000358e-04
5.005639900000000402e-04
4.957490799999999783e-04
4.909699199999999642e-04
4.862263499999999869e-04
4.815181699999999780e-04
4.768446000000000186e-04
4.722047199999999901e-04
4.675987499999999892e-04
4.630264499999999991e-04
4.584880199999999796e-04
4.539818199999999786e-04
4.495078399999999819e-04
4.450663099999999919e-04
4.406573999999999799e-04
4.362812700000000114e-04
4.319364300000000227e-04
4.276227499999999911e-04
4.233403800000000222e-04
4.190897800000000124e-04
4.148716000000000209e-04
4.106848799999999805e-04
4.065295299999999797e-04
4.024055000000000015e-04
3.983126799999999975e-04
3.942508800000000223e-04
3.902189699999999832e-04
3.862167000000000117e-04
3.822442799999999736e-04
3.783013900000000091e-04
3.743883700000000063e-04
3.705041299999999841e-04
3.666483299999999997e-04
3.628212500000000187e-04
3.590229599999999782e-04
3.552535900000000093e-04
3.515127600000000040e-04
3.477995900000000092e-04
3.441140899999999849e-04
3.404563299999999767e-04
3.368261899999999763e-04
3.332238100000000204e-04
3.296486200000000016e-04
3.260998800000000034e-04
3.225778100000000143e-04
3.190825299999999884e-04
3.156142299999999796e-04
3.121739500000000065e-04
3.087618199999999833e-04
3.053772300000000164e-04
3.020201399999999947e-04
2.986904399999999781e-04
2.953879999999999982e-04
2.921129299999999950e-04
2.888644700000000238e-04
2.856423000000000078e-04
2.824464700000000185e-04
2.792769999999999758e-04
2.761340399999999851e-04
2.730175799999999780e-04
2.699274300000000090e-04
2.668629199999999905e-04
2.638240099999999738e-04
2.608107499999999762e-04
2.578231699999999861e-04
2.548610599999999752e-04
2.519244799999999750e-04
2.490127899999999947e-04
2.461255699999999780e-04
2.432628600000000089e-04
2.404247999999999889e-04
2.376114000000000134e-04
2.348232999999999918e-04
2.320617699999999992e-04
2.293260700000000112e-04
2.266158499999999896e-04
2.239307200000000019e-04
2.212704200000000030e-04
2.186347399999999917e-04
2.160234699999999939e-04
2.134364299999999971e-04
2.108732400000000017e-04
2.083335200000000084e-04
2.058171700000000100e-04
2.033241199999999882e-04
2.008542699999999901e-04
1.984075099999999946e-04
1.959837500000000089e-04
1.935828499999999960e-04
1.912044599999999993e-04
1.888483400000000019e-04
1.865144799999999897e-04
1.842028700000000025e-04
1.819132699999999965e-04
1.796457000000000002e-04
1.774001799999999878e-04
1.751777500000000051e-04
1.729785599999999948e-04
1.708023699999999942e-04
1.686490300000000064e-04
1.665183900000000074e-04
1.644102399999999961e-04
1.623244399999999898e-04
1.602608399999999914e-04
1.582192200000000128e-04
1.561990900000000061e-04
1.542001700000000060e-04
1.522223200000000025e-04
1.502653600000000104e-04
1.483291800000000082e-04
1.464136000000000105e-04
1.445185400000000117e-04
1.426437700000000094e-04
1.407891099999999908e-04
1.389541099999999922e-04
1.371385400000000112e-04
1.353423300000000022e-04
1.335652800000000054e-04
1.318079599999999929e-04
1.300712000000000092e-04
1.283547299999999948e-04
1.266582500000000100e-04
1.249814699999999938e-04
1.233238699999999913e-04
1.216850300000000000e-04
1.200648499999999995e-04
1.184630499999999974e-04
1.168794200000000059e-04
1.153137599999999976e-04
1.137659200000000026e-04
1.122356100000000006e-04
1.107227700000000011e-04
1.092270699999999944e-04
1.077480800000000046e-04
1.062856999999999978e-04
1.048396799999999971e-04
1.034098999999999939e-04
1.019962799999999965e-04
1.005986500000000063e-04
9.921714599999999489e-05
9.785285799999999797e-05
9.650562499999999473e-05
9.517518999999999567e-05
9.386108100000000300e-05
9.256294299999999866e-05
9.128051600000000512e-05
9.001358500000000056e-05
8.876188000000000675e-05
8.752521499999999443e-05
8.630340300000000607e-05
8.509628499999999937e-05
8.390365400000000188e-05
8.272535499999999597e-05
8.156124099999999982e-05
8.041106400000000150e-05
7.927463400000000127e-05
7.815168800000000648e-05
7.704209700000000404e-05
7.594569799999999476e-05
7.486235200000000548e-05
7.379279300000000355e-05
7.273732099999999639e-05
7.169569199999999674e-05
7.066762200000000101e-05
6.965289099999999380e-05
6.865129500000000421e-05
6.766257400000000050e-05
6.668649600000000168e-05
6.572282500000000208e-05
6.477132400000000002e-05
6.383176199999999697e-05
6.290396499999999702e-05
6.198774699999999799e-05
6.108294199999999912e-05
6.018939700000000190e-05
5.930694200000000122e-05
5.843548900000000311e-05
5.757489400000000021e-05
5.672504300000000082e-05
5.588604500000000306e-05
5.505862499999999667e-05
5.424275999999999902e-05
5.343812300000000214e-05
5.264445999999999774e-05
5.186153100000000292e-05
5.108910600000000159e-05
5.032695600000000076e-05
4.957490400000000297e-05
4.883275899999999891e-05
4.810035399999999860e-05
4.737754700000000021e-05
4.666417299999999900e-05
4.596021300000000312e-05
4.526559799999999690e-05
4.458014399999999728e-05
4.390368900000000106e-05
4.323607599999999861e-05
4.257715800000000134e-05
4.192690800000000193e-05
4.128597799999999721e-05
4.065437499999999987e-05
4.003186700000000179e-05
3.941821900000000011e-05
3.881325300000000133e-05
3.821675300000000120e-05
3.762855200000000293e-05
3.704852400000000178e-05
3.647662799999999895e-05
3.591282599999999720e-05
3.535692500000000199e-05
3.480875399999999866e-05
3.426814700000000000e-05
3.373496100000000140e-05
3.320905200000000230e-05
3.269029000000000037e-05
3.217854800000000164e-05
3.167372799999999789e-05
3.117612000000000264e-05
3.068613899999999748e-05
3.020357000000000125e-05
2.972822999999999980e-05
2.925990699999999998e-05
2.879844799999999990e-05
2.834378400000000083e-05
2.789594700000000026e-05
2.745477000000000141e-05
2.702009299999999988e-05
2.659173299999999845e-05
2.616955799999999939e-05
2.575342399999999875e-05
2.534320200000000036e-05
2.493877699999999957e-05
2.454003500000000127e-05
2.414688900000000075e-05
2.375923599999999960e-05
2.337730400000000158e-05
2.300147100000000060e-05
2.263154799999999970e-05
2.226735200000000168e-05
2.190872799999999906e-05
2.155552100000000134e-05
2.120771600000000070e-05
2.086531900000000025e-05
2.052818300000000125e-05
2.019618000000000015e-05
1.986918600000000116e-05
1.954708099999999927e-05
1.922975599999999973e-05
1.891711900000000085e-05
1.860907200000000119e-05
1.830553200000000036e-05
1.800641200000000042e-05
1.771166800000000099e-05
1.742168000000000156e-05
1.713651200000000050e-05
1.685599200000000069e-05
1.657997899999999971e-05
1.630833099999999915e-05
1.604093699999999871e-05
1.577767999999999833e-05
1.551845699999999961e-05
1.526329800000000126e-05
1.501212199999999999e-05
1.476481999999999936e-05
1.452128299999999952e-05
1.428142700000000071e-05
1.404514899999999945e-05
1.381237400000000065e-05
1.358303199999999941e-05
1.335710499999999991e-05
1.313482400000000067e-05
1.291641400000000051e-05
1.270173599999999917e-05
1.249065000000000043e-05
1.228304000000000022e-05
1.207879400000000055e-05
1.187781000000000072e-05
1.167999100000000037e-05
1.148531499999999932e-05
1.129372899999999929e-05
1.110514999999999988e-05
1.091950700000000021e-05
1.073673099999999985e-05
1.055676100000000028e-05
1.037953099999999927e-05
1.020499000000000070e-05
1.003308999999999985e-05
9.863975400000000467e-06
9.697887100000000148e-06
9.534720199999999961e-06
9.374368100000000307e-06
9.216727499999999586e-06
9.061708999999999606e-06
8.909227299999999687e-06
8.759210099999999716e-06
8.611582399999999531e-06
8.466292400000000114e-06
8.323339899999999893e-06
8.182667599999999807e-06
8.044227999999999920e-06
7.907965000000000442e-06
7.773836100000000094e-06
7.641796199999999176e-06
7.511804199999999795e-06
7.383962799999999681e-06
7.258414800000000150e-06
7.135076299999999671e-06
7.013912599999999847e-06
6.894852699999999778e-06
6.777819900000000331e-06
6.662752599999999977e-06
6.549592500000000261e-06
6.438282199999999640e-06
6.328772500000000061e-06
6.221017599999999708e-06
6.114973899999999665e-06
6.010603300000000214e-06
5.907914299999999578e-06
5.806875899999999654e-06
5.707457199999999738e-06
5.609631100000000204e-06
5.513531700000000031e-06
5.419192599999999977e-06
5.326546099999999678e-06
5.235526300000000214e-06
5.146073000000000052e-06
5.058137300000000107e-06
4.971678699999999580e-06
4.886682799999999596e-06
4.803115900000000306e-06
4.720936200000000006e-06
4.640110800000000053e-06
4.560604199999999997e-06
4.482389200000000272e-06
4.405436500000000049e-06
4.329719199999999581e-06
4.255214000000000320e-06
4.181920000000000273e-06
4.109964599999999949e-06
4.039346400000000198e-06
3.970019400000000176e-06
3.901936900000000307e-06
3.835053200000000411e-06
3.769329200000000106e-06
3.704730699999999847e-06
3.641223600000000026e-06
3.578776299999999941e-06
3.517362700000000204e-06
3.456956100000000100e-06
3.397532800000000056e-06
3.339081899999999917e-06
3.281600799999999994e-06
3.225070200000000156e-06
3.169472099999999906e-06
3.114847399999999802e-06
3.061255000000000051e-06
3.008654800000000033e-06
2.957008299999999849e-06
2.906281499999999831e-06
2.856442800000000125e-06
2.807464800000000016e-06
2.759318600000000124e-06
2.711991199999999880e-06
2.665473299999999852e-06
2.619745400000000032e-06
2.574789100000000166e-06
2.530587499999999935e-06
2.487124399999999867e-06
2.444384699999999819e-06
2.402354700000000071e-06
2.361023899999999802e-06
2.320453400000000002e-06
2.280642999999999943e-06
2.241562600000000130e-06
2.203187000000000206e-06
2.165505200000000078e-06
2.128495800000000046e-06
2.092139699999999857e-06
2.056418699999999983e-06
2.021316399999999803e-06
1.986816100000000146e-06
1.952904700000000079e-06
1.919568200000000064e-06
1.886793599999999953e-06
1.854569399999999957e-06
1.822884699999999925e-06
1.791728000000000068e-06
1.761106100000000066e-06
1.731069399999999996e-06
1.701602799999999930e-06
1.672686699999999919e-06
1.644301999999999923e-06
1.616431599999999957e-06
1.589059999999999910e-06
1.562173299999999972e-06
1.535757099999999998e-06
1.509800699999999925e-06
1.484291199999999971e-06
1.459219899999999915e-06
1.434574400000000093e-06
1.410348599999999977e-06
1.386539300000000028e-06
1.363139200000000025e-06
1.340141699999999954e-06
1.317553400000000041e-06
1.295399299999999915e-06
1.273666599999999944e-06
1.252340299999999926e-06
1.231406999999999957e-06
1.210855299999999975e-06
1.190673500000000104e-06
1.170851399999999975e-06
1.151379999999999978e-06
1.132250600000000103e-06
1.113457700000000093e-06
1.094995999999999994e-06
1.076858599999999973e-06
1.059039500000000078e-06
1.041532699999999931e-06
1.024332899999999999e-06
1.007434799999999904e-06
9.908381100000000763e-07
9.745611099999999101e-07
9.585956499999999113e-07
9.429320800000000148e-07
9.275604000000000503e-07
9.124723899999999520e-07
8.976611000000000256e-07
8.831206399999999751e-07
8.688448099999999681e-07
8.548281499999999981e-07
8.410651000000000130e-07
8.275507900000000289e-07
8.142799999999999567e-07
8.012486099999999918e-07
7.884526500000000268e-07
7.758870300000000208e-07
7.635487300000000300e-07
7.514329200000000037e-07
7.395435499999999770e-07
7.278875300000000283e-07
7.164578200000000309e-07
7.052485700000000459e-07
6.942540500000000399e-07
6.834691699999999720e-07
6.728894699999999689e-07
6.625100800000000466e-07
6.523263899999999994e-07
6.423345400000000131e-07
6.325313199999999841e-07
6.229131499999999493e-07
6.134772000000000189e-07
6.042199999999999934e-07
5.951389000000000009e-07
5.862297599999999524e-07
5.774906599999999770e-07
5.689189799999999941e-07
5.605126999999999816e-07
5.522764200000000031e-07
5.442090800000000251e-07
5.363060699999999477e-07
5.285637300000000470e-07
5.209786999999999930e-07
5.135485300000000040e-07
5.062703800000000481e-07
4.991417100000000171e-07
4.921596400000000518e-07
4.853209900000000517e-07
4.786237800000000340e-07
4.720659400000000074e-07
4.656459500000000166e-07
4.593621200000000193e-07
4.532120300000000248e-07
4.471927400000000093e-07
4.413028399999999931e-07
4.355412499999999760e-07
4.299065799999999980e-07
4.243973499999999843e-07
4.190124499999999848e-07
4.137515200000000171e-07
4.086135500000000174e-07
4.035969899999999745e-07
3.987004700000000010e-07
3.939226400000000173e-07
3.892608000000000230e-07
3.847126900000000255e-07
3.802774799999999787e-07
3.759541899999999805e-07
3.717418700000000258e-07
3.676395900000000233e-07
3.636443599999999794e-07
3.597545900000000027e-07
3.559697099999999842e-07
3.522890700000000014e-07
3.487117800000000020e-07
3.452362300000000222e-07
3.418598500000000037e-07
3.385818599999999759e-07
3.354015500000000100e-07
3.323180699999999875e-07
3.293306699999999935e-07
3.264362200000000029e-07
3.236336299999999794e-07
3.209221200000000052e-07
3.183009600000000262e-07
3.157696399999999924e-07
3.133258299999999749e-07
3.109675599999999746e-07
3.086938900000000225e-07
3.065041200000000146e-07
3.043973500000000215e-07
3.023718699999999810e-07
3.004247500000000115e-07
2.985548299999999812e-07
2.967609099999999841e-07
2.950421799999999937e-07
2.933971599999999882e-07
2.918227499999999984e-07
2.903173400000000074e-07
2.888796300000000111e-07
2.875083999999999780e-07
2.862025700000000137e-07
2.849589499999999816e-07
2.837755200000000185e-07
2.826506900000000212e-07
2.815830100000000239e-07
2.805712599999999951e-07
2.796132300000000175e-07
2.787059100000000253e-07
2.778475500000000229e-07
2.770366300000000023e-07
2.762715399999999995e-07
2.755507500000000231e-07
2.748711999999999844e-07
2.742307200000000057e-07
2.736273099999999787e-07
2.730594299999999817e-07
2.725252599999999771e-07
2.720224800000000195e-07
2.715479899999999810e-07
2.710997799999999818e-07
2.706757499999999745e-07
2.702740799999999746e-07
2.698924600000000199e-07
2.695277199999999933e-07
2.691768400000000041e-07
2.688368999999999951e-07
2.685051799999999990e-07
2.681787799999999783e-07
2.678544500000000020e-07
2.675285700000000147e-07
2.671980600000000140e-07
2.668599000000000032e-07
2.665115199999999772e-07
2.661505500000000208e-07
2.657743900000000199e-07
2.653798499999999965e-07
2.649645100000000131e-07
2.645257400000000056e-07
2.640610599999999774e-07
2.635676699999999888e-07
2.630426000000000131e-07
2.624826499999999830e-07
2.618841300000000127e-07
2.612430300000000083e-07
2.605552099999999870e-07
2.598166399999999942e-07
2.590235100000000263e-07
2.581722400000000142e-07
2.572590999999999799e-07
2.562800499999999854e-07
2.552314100000000224e-07
2.541097400000000002e-07
2.529121200000000202e-07
2.516363000000000204e-07
2.502805999999999945e-07
2.488438400000000033e-07
2.473255600000000192e-07
2.457255500000000215e-07
2.440441500000000261e-07
2.422822499999999790e-07
2.404408999999999835e-07
2.385215100000000192e-07
2.365256200000000078e-07
2.344555199999999977e-07
2.323141299999999934e-07
2.301049200000000090e-07
2.278319199999999992e-07
2.254998799999999891e-07
2.231142600000000120e-07
2.206826100000000062e-07
2.182103999999999884e-07
2.156993599999999871e-07
2.131485399999999973e-07
2.105544400000000019e-07
2.079168399999999969e-07
2.052404400000000114e-07
2.025313899999999875e-07
1.997975899999999952e-07
1.925767700000000040e-07
1.852714399999999998e-07
1.780187799999999968e-07
1.709071600000000077e-07
1.638598300000000049e-07
1.568576599999999983e-07
1.499907999999999987e-07
1.433168199999999944e-07
1.368363600000000041e-07
1.305548500000000052e-07
1.245036499999999887e-07
1.187009599999999991e-07
1.131279799999999992e-07
1.077761000000000038e-07
1.026614800000000027e-07
9.780405800000000542e-08
9.319988400000000349e-08
8.881676200000000403e-08
8.463311599999999815e-08
8.063068200000000039e-08
7.681921400000000322e-08
7.319150900000000350e-08
6.973503599999999369e-08
6.643431900000000359e-08
6.328401900000000218e-08
6.028294099999999564e-08
5.742092500000000104e-08
5.468584899999999898e-08
5.206943199999999999e-08
4.956366300000000142e-08
4.716259399999999981e-08
4.486275200000000311e-08
4.266041800000000041e-08
4.055167600000000070e-08
3.853267499999999732e-08
3.659987299999999939e-08
3.475011400000000009e-08
3.298061700000000297e-08
3.128902700000000178e-08
2.967303699999999897e-08
2.813042300000000027e-08
2.665900900000000025e-08
2.525655499999999954e-08
2.392090800000000005e-08
2.264987899999999881e-08
2.144120499999999906e-08
2.029247199999999891e-08
1.920124299999999906e-08
1.816533799999999942e-08
1.718274400000000020e-08
1.625130100000000106e-08
1.536885600000000060e-08
1.453319999999999940e-08
1.374220099999999945e-08
1.299372799999999974e-08
1.228568400000000015e-08
1.161610100000000035e-08
1.098304900000000054e-08
1.038467400000000032e-08
9.819198100000000393e-09
9.284891100000000121e-09
8.780121600000000585e-09
8.303304299999999364e-09
7.852945900000000201e-09
7.427640199999999863e-09
7.026069800000000263e-09
6.646975699999999596e-09
6.289147900000000096e-09
5.951447200000000099e-09
5.632781799999999811e-09
5.332127300000000247e-09
5.048516199999999880e-09
4.781031800000000141e-09
4.528800000000000326e-09
4.290995000000000235e-09
4.066837899999999734e-09
3.855586499999999629e-09
3.656544600000000091e-09
3.469052700000000167e-09
3.292483199999999974e-09
