1.566779300000000000e+07
1.566777500000000000e+07
1.566775600000000000e+07
1.566773700000000000e+07
1.566771700000000000e+07
1.566769600000000000e+07
1.566767500000000000e+07
1.566765400000000000e+07
1.566763200000000000e+07
1.566760900000000000e+07
1.566758600000000000e+07
1.566756200000000000e+07
1.566753700000000000e+07
1.566751200000000000e+07
1.566748600000000000e+07
1.566745900000000000e+07
1.566743200000000000e+07
1.566740400000000000e+07
1.566737500000000000e+07
1.566734600000000000e+07
1.566731500000000000e+07
1.566728400000000000e+07
1.566725200000000000e+07
1.566721900000000000e+07
1.566718500000000000e+07
1.566715000000000000e+07
1.566711400000000000e+07
1.566707800000000000e+07
1.566704000000000000e+07
1.566700100000000000e+07
1.566696200000000000e+07
1.566692100000000000e+07
1.566687900000000000e+07
1.566683600000000000e+07
1.566679200000000000e+07
1.566674600000000000e+07
1.566670000000000000e+07
1.566665200000000000e+07
1.566660200000000000e+07
1.566655200000000000e+07
1.566650000000000000e+07
1.566644700000000000e+07
1.566639200000000000e+07
1.566633600000000000e+07
1.566627800000000000e+07
1.566621800000000000e+07
1.566615800000000000e+07
1.566609500000000000e+07
1.566603100000000000e+07
1.566596500000000000e+07
1.566589700000000000e+07
1.566582700000000000e+07
1.566575600000000000e+07
1.566568200000000000e+07
1.566560700000000000e+07
1.566552900000000000e+07
1.566545000000000000e+07
1.566536800000000000e+07
1.566528400000000000e+07
1.566519800000000000e+07
1.566510900000000000e+07
1.566501800000000000e+07
1.566492500000000000e+07
1.566482900000000000e+07
1.566473000000000000e+07
1.566462900000000000e+07
1.566452500000000000e+07
1.566441800000000000e+07
1.566430900000000000e+07
1.566419600000000000e+07
1.566408000000000000e+07
1.566396200000000000e+07
1.566384000000000000e+07
1.566371400000000000e+07
1.566358600000000000e+07
1.566345400000000000e+07
1.566331800000000000e+07
1.566317800000000000e+07
1.566303500000000000e+07
1.566288800000000000e+07
1.566273700000000000e+07
1.566258200000000000e+07
1.566242300000000000e+07
1.566225900000000000e+07
1.566209100000000000e+07
1.566191800000000000e+07
1.566174100000000000e+07
1.566155900000000000e+07
1.566137200000000000e+07
1.566118000000000000e+07
1.566098300000000000e+07
1.566078000000000000e+07
1.566057200000000000e+07
1.566035900000000000e+07
1.566013900000000000e+07
1.565991400000000000e+07
1.565968300000000000e+07
1.565944500000000000e+07
1.565920100000000000e+07
1.565895000000000000e+07
1.565869300000000000e+07
1.565842800000000000e+07
1.565815700000000000e+07
1.565787800000000000e+07
1.565759100000000000e+07
1.565729700000000000e+07
1.565699500000000000e+07
1.565668500000000000e+07
1.565636600000000000e+07
1.565603900000000000e+07
1.565570300000000000e+07
1.565535800000000000e+07
1.565500300000000000e+07
1.565463900000000000e+07
1.565426600000000000e+07
1.565388200000000000e+07
1.565348700000000000e+07
1.565308300000000000e+07
1.565266700000000000e+07
1.565224000000000000e+07
1.565180100000000000e+07
1.565135100000000000e+07
1.565088800000000000e+07
1.565041400000000000e+07
1.564992600000000000e+07
1.564942500000000000e+07
1.564891100000000000e+07
1.564838200000000000e+07
1.564784000000000000e+07
1.564728300000000000e+07
1.564671100000000000e+07
1.564612400000000000e+07
1.564552100000000000e+07
1.564490100000000000e+07
1.564426500000000000e+07
1.564361200000000000e+07
1.564294100000000000e+07
1.564225300000000000e+07
1.564154600000000000e+07
1.564081900000000000e+07
1.564007400000000000e+07
1.563930800000000000e+07
1.563852200000000000e+07
1.563771500000000000e+07
1.563688600000000000e+07
1.563603500000000000e+07
1.563516100000000000e+07
1.563426400000000000e+07
1.563334200000000000e+07
1.563239600000000000e+07
1.563142500000000000e+07
1.563042800000000000e+07
1.562940400000000000e+07
1.562835300000000000e+07
1.562727400000000000e+07
1.562616600000000000e+07
1.562502900000000000e+07
1.562386100000000000e+07
1.562266200000000000e+07
1.562143100000000000e+07
1.562016800000000000e+07
1.561887100000000000e+07
1.561753900000000000e+07
1.561617300000000000e+07
1.561477000000000000e+07
1.561333000000000000e+07
1.561185100000000000e+07
1.561033400000000000e+07
1.560877700000000000e+07
1.560717800000000000e+07
1.560553800000000000e+07
1.560385400000000000e+07
1.560212600000000000e+07
1.560035200000000000e+07
1.559853200000000000e+07
1.559666500000000000e+07
1.559474800000000000e+07
1.559278200000000000e+07
1.559076400000000000e+07
1.558869300000000000e+07
1.558656900000000000e+07
1.558438900000000000e+07
1.558215300000000000e+07
1.557985900000000000e+07
1.557750600000000000e+07
1.557509200000000000e+07
1.557261600000000000e+07
1.557007600000000000e+07
1.556747100000000000e+07
1.556480000000000000e+07
1.556206000000000000e+07
1.555925100000000000e+07
1.555637100000000000e+07
1.555341700000000000e+07
1.555038900000000000e+07
1.554728500000000000e+07
1.554410300000000000e+07
1.554084100000000000e+07
1.553749800000000000e+07
1.553407300000000000e+07
1.553056200000000000e+07
1.552696400000000000e+07
1.552327900000000000e+07
1.551950300000000000e+07
1.551563500000000000e+07
1.551167300000000000e+07
1.550761600000000000e+07
1.550346100000000000e+07
1.549920700000000000e+07
1.549485100000000000e+07
1.549039300000000000e+07
1.548583000000000000e+07
1.548115900000000000e+07
1.547638100000000000e+07
1.547149200000000000e+07
1.546649000000000000e+07
1.546137500000000000e+07
1.545614300000000000e+07
1.545079400000000000e+07
1.544532600000000000e+07
1.543973700000000000e+07
1.543402400000000000e+07
1.542818700000000000e+07
1.542222500000000000e+07
1.541613400000000000e+07
1.540991400000000000e+07
1.540356300000000000e+07
1.539708100000000000e+07
1.539046400000000000e+07
1.538371300000000000e+07
1.537682500000000000e+07
1.536980000000000000e+07
1.536263700000000000e+07
1.535533300000000000e+07
1.534788900000000000e+07
1.534030400000000000e+07
1.533257500000000000e+07
1.532470400000000000e+07
1.531668800000000000e+07
1.530852700000000000e+07
1.530022100000000000e+07
1.529177000000000000e+07
1.528317200000000000e+07
1.527442700000000000e+07
1.526553600000000000e+07
1.525649800000000000e+07
1.524731300000000000e+07
1.523798100000000000e+07
1.522850200000000000e+07
1.521887600000000000e+07
1.520910400000000000e+07
1.519918500000000000e+07
1.518912100000000000e+07
1.517891200000000000e+07
1.516855800000000000e+07
1.515806000000000000e+07
1.514741900000000000e+07
1.513663500000000000e+07
1.512570900000000000e+07
1.511464200000000000e+07
1.510343500000000000e+07
1.509208900000000000e+07
1.508060500000000000e+07
1.506898400000000000e+07
1.505722800000000000e+07
1.504533600000000000e+07
1.503331200000000000e+07
1.502115500000000000e+07
1.500886700000000000e+07
1.499644900000000000e+07
1.498390300000000000e+07
1.497123000000000000e+07
1.495843100000000000e+07
1.494550800000000000e+07
1.493246200000000000e+07
1.491929500000000000e+07
1.490600700000000000e+07
1.489260100000000000e+07
1.487907600000000000e+07
1.486543600000000000e+07
1.485168100000000000e+07
1.483781300000000000e+07
1.482383300000000000e+07
1.480974200000000000e+07
1.479554200000000000e+07
1.478123400000000000e+07
1.476682000000000000e+07
1.475230000000000000e+07
1.473767600000000000e+07
1.472295000000000000e+07
1.470812200000000000e+07
1.469319400000000000e+07
1.467816700000000000e+07
1.466304300000000000e+07
1.464782200000000000e+07
1.463250500000000000e+07
1.461709500000000000e+07
1.460159100000000000e+07
1.458599600000000000e+07
1.457030900000000000e+07
1.455453300000000000e+07
1.453866800000000000e+07
1.452271600000000000e+07
1.450667600000000000e+07
1.449055200000000000e+07
1.447434200000000000e+07
1.445804800000000000e+07
1.444167200000000000e+07
1.442521400000000000e+07
1.440867500000000000e+07
1.439205500000000000e+07
1.437535600000000000e+07
1.435857900000000000e+07
1.434172400000000000e+07
1.432479100000000000e+07
1.430778300000000000e+07
1.429069900000000000e+07
1.427354000000000000e+07
1.425630700000000000e+07
1.423900100000000000e+07
1.422162200000000000e+07
1.420417100000000000e+07
1.418664900000000000e+07
1.416905500000000000e+07
1.415139200000000000e+07
1.413365800000000000e+07
1.411585600000000000e+07
1.409798400000000000e+07
1.408004500000000000e+07
1.406203800000000000e+07
1.404396400000000000e+07
1.402582400000000000e+07
1.400761700000000000e+07
1.398934400000000000e+07
1.397100600000000000e+07
1.395260200000000000e+07
1.393413400000000000e+07
1.391560200000000000e+07
1.389700600000000000e+07
1.387834700000000000e+07
1.385962400000000000e+07
1.384083900000000000e+07
1.382199200000000000e+07
1.380308200000000000e+07
1.378411000000000000e+07
1.376507700000000000e+07
1.374598300000000000e+07
1.372682800000000000e+07
1.370761200000000000e+07
1.368833500000000000e+07
1.366899800000000000e+07
1.364960100000000000e+07
1.363014400000000000e+07
1.361062700000000000e+07
1.359105000000000000e+07
1.357141500000000000e+07
1.355172000000000000e+07
1.353196500000000000e+07
1.351215200000000000e+07
1.349228000000000000e+07
1.347234800000000000e+07
1.345235800000000000e+07
1.343231000000000000e+07
1.341220200000000000e+07
1.339203700000000000e+07
1.337181200000000000e+07
1.335152900000000000e+07
1.333118800000000000e+07
1.331078800000000000e+07
1.329032900000000000e+07
1.326981300000000000e+07
1.324923700000000000e+07
1.322860300000000000e+07
1.320791100000000000e+07
1.318716000000000000e+07
1.316635000000000000e+07
1.314548100000000000e+07
1.312455400000000000e+07
1.310356700000000000e+07
1.308252100000000000e+07
1.306141700000000000e+07
1.304025200000000000e+07
1.301902800000000000e+07
1.299774500000000000e+07
1.297640200000000000e+07
1.295499900000000000e+07
1.293353600000000000e+07
1.291201300000000000e+07
1.289042900000000000e+07
1.286878400000000000e+07
1.284707900000000000e+07
1.282531300000000000e+07
1.280348500000000000e+07
1.278159600000000000e+07
1.275964500000000000e+07
1.273763200000000000e+07
1.271555700000000000e+07
1.269341900000000000e+07
1.267121900000000000e+07
1.264895600000000000e+07
1.262662900000000000e+07
1.260423900000000000e+07
1.258178600000000000e+07
1.255926800000000000e+07
1.253668500000000000e+07
1.251403900000000000e+07
1.249132700000000000e+07
1.246855000000000000e+07
1.244570800000000000e+07
1.242280000000000000e+07
1.239982600000000000e+07
1.237678500000000000e+07
1.235367800000000000e+07
1.233050400000000000e+07
1.230726200000000000e+07
1.228395300000000000e+07
1.226057600000000000e+07
1.223713200000000000e+07
1.221361800000000000e+07
1.219003600000000000e+07
1.216638500000000000e+07
1.214266500000000000e+07
1.211887600000000000e+07
1.209501600000000000e+07
1.207108600000000000e+07
1.204708700000000000e+07
1.202301600000000000e+07
1.199887500000000000e+07
1.197466300000000000e+07
1.195038000000000000e+07
1.192602500000000000e+07
1.190159900000000000e+07
1.187710200000000000e+07
1.185253200000000000e+07
1.182789000000000000e+07
1.180317700000000000e+07
1.177839100000000000e+07
1.175353300000000000e+07
1.172860300000000000e+07
1.170360000000000000e+07
1.167852500000000000e+07
1.165337800000000000e+07
1.162815900000000000e+07
1.160286700000000000e+07
1.157750300000000000e+07
1.155206700000000000e+07
1.152655900000000000e+07
1.150098000000000000e+07
1.147532800000000000e+07
1.144960600000000000e+07
1.142381300000000000e+07
1.139794800000000000e+07
1.137201400000000000e+07
1.134600900000000000e+07
1.131993500000000000e+07
1.129379100000000000e+07
1.126757900000000000e+07
1.124129900000000000e+07
1.121495100000000000e+07
1.118853600000000000e+07
1.116205400000000000e+07
1.113550700000000000e+07
1.110889500000000000e+07
1.108221800000000000e+07
1.105547800000000000e+07
1.102867500000000000e+07
1.100181100000000000e+07
1.097488600000000000e+07
1.094790100000000000e+07
1.092085700000000000e+07
1.089375600000000000e+07
1.086659900000000000e+07
1.083938600000000000e+07
1.081212000000000000e+07
1.078480100000000000e+07
1.075743100000000000e+07
1.073001100000000000e+07
1.070254300000000000e+07
1.067502800000000000e+07
1.064746800000000000e+07
1.061986500000000000e+07
1.059222000000000000e+07
1.056453400000000000e+07
1.053681000000000000e+07
1.050905000000000000e+07
1.048125400000000000e+07
1.045342600000000000e+07
1.042556600000000000e+07
1.039767800000000000e+07
1.036976200000000000e+07
1.034182100000000000e+07
1.031385700000000000e+07
1.028587200000000000e+07
1.025786900000000000e+07
1.022984800000000000e+07
1.020181300000000000e+07
1.017376500000000000e+07
1.014570700000000000e+07
1.011764000000000000e+07
1.008956800000000000e+07
1.006149200000000000e+07
1.003341500000000000e+07
1.000533800000000000e+07
9.977264699999999255e+06
9.949196400000000373e+06
9.921136300000000745e+06
9.893086800000000745e+06
9.865050699999999255e+06
9.837030300000000745e+06
9.809028400000000373e+06
9.781047199999999255e+06
9.753089300000000745e+06
9.725157000000000000e+06
9.697252599999999627e+06
9.669378300000000745e+06
9.641536400000000373e+06
9.613729099999999627e+06
9.585958400000000373e+06
9.558226300000000745e+06
9.530534900000000373e+06
9.502885800000000745e+06
9.475281000000000000e+06
9.447722000000000000e+06
9.420210500000000000e+06
9.392748199999999255e+06
9.365336500000000000e+06
9.337977300000000745e+06
9.310672000000000000e+06
9.283422300000000745e+06
9.256229599999999627e+06
9.229095400000000373e+06
9.202021300000000745e+06
9.175008500000000000e+06
9.148058599999999627e+06
9.121172900000000373e+06
9.094352599999999627e+06
9.067599000000000000e+06
9.040913300000000745e+06
9.014296699999999255e+06
8.987750400000000373e+06
8.961275300000000745e+06
8.934872699999999255e+06
8.908543400000000373e+06
8.882288500000000000e+06
8.856108900000000373e+06
8.830005500000000000e+06
8.803979199999999255e+06
8.778030800000000745e+06
8.752161099999999627e+06
8.726370800000000745e+06
8.700660699999999255e+06
8.675031500000000000e+06
8.649483800000000745e+06
8.624018199999999255e+06
8.598635300000000745e+06
8.573335699999999255e+06
8.548119900000000373e+06
8.522988400000000373e+06
8.497941699999999255e+06
8.472980199999999255e+06
8.448104400000000373e+06
8.423314599999999627e+06
8.398611199999999255e+06
8.373994500000000000e+06
8.349464900000000373e+06
8.325022700000000186e+06
8.300667900000000373e+06
8.276401000000000000e+06
8.252222000000000000e+06
8.228131000000000000e+06
8.204128200000000186e+06
8.180213400000000373e+06
8.156386799999999814e+06
8.132648099999999627e+06
8.108997099999999627e+06
8.085433500000000000e+06
8.061956799999999814e+06
8.038566500000000000e+06
8.015261900000000373e+06
7.992042099999999627e+06
7.968906099999999627e+06
7.945852299999999814e+06
7.922879200000000186e+06
7.899984599999999627e+06
7.877166599999999627e+06
7.854422799999999814e+06
7.831750500000000000e+06
7.809147000000000000e+06
7.786609299999999814e+06
7.764134299999999814e+06
7.741718799999999814e+06
7.719359400000000373e+06
7.697052799999999814e+06
7.674795700000000186e+06
7.652585000000000000e+06
7.630417799999999814e+06
7.608291200000000186e+06
7.586203099999999627e+06
7.564151700000000186e+06
7.542135500000000000e+06
7.520154099999999627e+06
7.498207400000000373e+06
7.476296099999999627e+06
7.454421400000000373e+06
7.432585400000000373e+06
7.410791000000000000e+06
7.389041700000000186e+06
7.367341900000000373e+06
7.345696500000000000e+06
7.324110799999999814e+06
7.302590500000000000e+06
7.281141599999999627e+06
7.259770099999999627e+06
7.238481599999999627e+06
7.217282000000000000e+06
7.196176400000000373e+06
7.175169700000000186e+06
7.154266000000000000e+06
7.133469099999999627e+06
7.112781900000000373e+06
7.092206700000000186e+06
7.071745400000000373e+06
7.051399000000000000e+06
7.031168099999999627e+06
7.011052700000000186e+06
6.991052500000000000e+06
6.971166599999999627e+06
6.951394000000000000e+06
6.931733099999999627e+06
6.912182500000000000e+06
6.892740200000000186e+06
6.873404400000000373e+06
6.854173099999999627e+06
6.835044299999999814e+06
6.816015799999999814e+06
6.797085500000000000e+06
6.778251599999999627e+06
6.759511799999999814e+06
6.740864400000000373e+06
6.722307299999999814e+06
6.703838799999999814e+06
6.685457099999999627e+06
6.667160599999999627e+06
6.648947599999999627e+06
6.630816599999999627e+06
6.612766200000000186e+06
6.594795000000000000e+06
6.576901700000000186e+06
6.559085000000000000e+06
6.541343799999999814e+06
6.523677000000000000e+06
6.506083500000000000e+06
6.488562299999999814e+06
6.471112500000000000e+06
6.453733200000000186e+06
6.436423500000000000e+06
6.419182700000000186e+06
6.402009799999999814e+06
6.384904200000000186e+06
6.367865200000000186e+06
6.350892099999999627e+06
6.333984299999999814e+06
6.317141099999999627e+06
6.300361900000000373e+06
6.283646200000000186e+06
6.266993500000000000e+06
6.250403099999999627e+06
6.233874599999999627e+06
6.217407599999999627e+06
6.201001400000000373e+06
6.184655700000000186e+06
6.168370000000000000e+06
6.152144000000000000e+06
6.135977000000000000e+06
6.119868799999999814e+06
6.103819000000000000e+06
6.087827099999999627e+06
6.071892700000000186e+06
6.056015599999999627e+06
6.040195200000000186e+06
6.024431400000000373e+06
6.008723599999999627e+06
5.993071500000000000e+06
5.977474900000000373e+06
5.961933099999999627e+06
5.946446000000000000e+06
5.931013099999999627e+06
5.915634299999999814e+06
5.900309099999999627e+06
5.885037099999999627e+06
5.869818000000000000e+06
5.854651400000000373e+06
5.839536900000000373e+06
5.824474400000000373e+06
5.809463400000000373e+06
5.794503700000000186e+06
5.779595000000000000e+06
5.764737000000000000e+06
5.749929500000000000e+06
5.735172000000000000e+06
5.720464500000000000e+06
5.705806500000000000e+06
5.691197799999999814e+06
5.676638200000000186e+06
5.662127299999999814e+06
5.647665000000000000e+06
5.633251000000000000e+06
5.618884900000000373e+06
5.604566500000000000e+06
5.590295700000000186e+06
5.576072000000000000e+06
5.561895299999999814e+06
5.547765400000000373e+06
5.533681799999999814e+06
5.519644500000000000e+06
5.505653000000000000e+06
5.491707299999999814e+06
5.477807000000000000e+06
5.463951900000000373e+06
5.450141700000000186e+06
5.436376299999999814e+06
5.422655200000000186e+06
5.408978400000000373e+06
5.395345500000000000e+06
5.381756299999999814e+06
5.368210599999999627e+06
5.354708200000000186e+06
5.341248700000000186e+06
5.327832099999999627e+06
5.314458000000000000e+06
5.301126200000000186e+06
5.287836400000000373e+06
5.274588599999999627e+06
5.261382400000000373e+06
5.248217599999999627e+06
5.235094000000000000e+06
5.222011299999999814e+06
5.208969400000000373e+06
5.195968099999999627e+06
5.183007000000000000e+06
5.170086099999999627e+06
5.157205099999999627e+06
5.144363700000000186e+06
5.131561900000000373e+06
5.118799400000000373e+06
5.106076000000000000e+06
5.093391500000000000e+06
5.080745799999999814e+06
5.068138799999999814e+06
5.055570299999999814e+06
5.043040299999999814e+06
5.030547400000000373e+06
5.018086900000000373e+06
5.005661700000000186e+06
4.993305200000000186e+06
4.981066799999999814e+06
4.968939099999999627e+06
4.956834200000000186e+06
4.944679400000000373e+06
4.932490099999999627e+06
4.920318799999999814e+06
4.908189900000000373e+06
4.896101099999999627e+06
4.884048000000000000e+06
4.872030099999999627e+06
4.860047599999999627e+06
4.848100400000000373e+06
4.836188299999999814e+06
4.824311000000000000e+06
4.812468299999999814e+06
4.800660200000000186e+06
4.788886299999999814e+06
4.777146599999999627e+06
4.765440700000000186e+06
4.753768599999999627e+06
4.742130099999999627e+06
4.730524900000000373e+06
4.718952900000000373e+06
4.707413900000000373e+06
4.695907700000000186e+06
4.684434099999999627e+06
4.672993000000000000e+06
4.661584200000000186e+06
4.650207400000000373e+06
4.638862500000000000e+06
4.627549400000000373e+06
4.616267799999999814e+06
4.605017599999999627e+06
4.593798500000000000e+06
4.582610500000000000e+06
4.571453299999999814e+06
4.560326799999999814e+06
4.549230799999999814e+06
4.538165000000000000e+06
4.527129400000000373e+06
4.516123799999999814e+06
4.505148000000000000e+06
4.494201700000000186e+06
4.483285000000000000e+06
4.472397500000000000e+06
4.461539099999999627e+06
4.450709599999999627e+06
4.439908900000000373e+06
4.429136799999999814e+06
4.418393200000000186e+06
4.407677799999999814e+06
4.396990500000000000e+06
4.386331200000000186e+06
4.375699599999999627e+06
4.365095700000000186e+06
4.354519200000000186e+06
4.343970000000000000e+06
4.333447900000000373e+06
4.322952799999999814e+06
4.312484599999999627e+06
4.302043000000000000e+06
4.291627900000000373e+06
4.281239299999999814e+06
4.270876799999999814e+06
4.260540500000000000e+06
4.250230099999999627e+06
4.239945599999999627e+06
4.229686700000000186e+06
4.219453299999999814e+06
4.209245099999999627e+06
4.199062000000000000e+06
4.188903799999999814e+06
4.178770399999999907e+06
4.168661500000000000e+06
4.158577100000000093e+06
4.148516899999999907e+06
4.138481000000000000e+06
4.128469100000000093e+06
4.118481100000000093e+06
4.108516899999999907e+06
4.098576399999999907e+06
4.088659399999999907e+06
4.078766000000000000e+06
4.068895899999999907e+06
4.059049100000000093e+06
4.049225500000000000e+06
4.039425000000000000e+06
4.029647600000000093e+06
4.019893000000000000e+06
4.010161299999999814e+06
4.000452399999999907e+06
3.990766200000000186e+06
3.981102500000000000e+06
3.971461299999999814e+06
3.961842500000000000e+06
3.952245799999999814e+06
3.942671200000000186e+06
3.933118600000000093e+06
3.923587799999999814e+06
3.914078700000000186e+06
3.904591200000000186e+06
3.895125200000000186e+06
3.885680600000000093e+06
3.876257299999999814e+06
3.866855100000000093e+06
3.857473899999999907e+06
3.848113700000000186e+06
3.838774299999999814e+06
3.829455500000000000e+06
3.820157399999999907e+06
3.810879799999999814e+06
3.801622500000000000e+06
3.792385600000000093e+06
3.783168700000000186e+06
3.773972000000000000e+06
3.764795200000000186e+06
3.755638200000000186e+06
3.746501000000000000e+06
3.737383299999999814e+06
3.728285299999999814e+06
3.719206600000000093e+06
3.710147200000000186e+06
3.701107000000000000e+06
3.692086000000000000e+06
3.683083899999999907e+06
3.674100600000000093e+06
3.665136200000000186e+06
3.656190299999999814e+06
3.647263000000000000e+06
3.638354200000000186e+06
3.629463600000000093e+06
3.620591299999999814e+06
3.611737000000000000e+06
3.602900700000000186e+06
3.594082299999999814e+06
3.585281600000000093e+06
3.576498600000000093e+06
3.567733100000000093e+06
3.558985100000000093e+06
3.550254299999999814e+06
3.541540799999999814e+06
3.532844299999999814e+06
3.524164899999999907e+06
3.515502299999999814e+06
3.506856500000000000e+06
3.498227399999999907e+06
3.489614899999999907e+06
3.481018899999999907e+06
3.472439299999999814e+06
3.463876000000000000e+06
3.455329000000000000e+06
3.446798100000000093e+06
3.438283299999999814e+06
3.429784399999999907e+06
3.421301299999999814e+06
3.412833799999999814e+06
3.404381799999999814e+06
3.395945100000000093e+06
3.387523500000000000e+06
3.379117000000000000e+06
3.370725299999999814e+06
3.362348399999999907e+06
3.353986100000000093e+06
3.345638200000000186e+06
3.337304700000000186e+06
3.328985299999999814e+06
3.320680000000000000e+06
3.312388600000000093e+06
3.304110899999999907e+06
3.295846799999999814e+06
3.287596299999999814e+06
3.279359000000000000e+06
3.271135000000000000e+06
3.262924000000000000e+06
3.254725899999999907e+06
3.246540500000000000e+06
3.238367799999999814e+06
3.230207399999999907e+06
3.222059399999999907e+06
3.213923600000000093e+06
3.205799700000000186e+06
3.197687600000000093e+06
3.189587200000000186e+06
3.181498299999999814e+06
3.173420700000000186e+06
3.165354200000000186e+06
3.157298799999999814e+06
3.149254100000000093e+06
3.141220000000000000e+06
3.133196399999999907e+06
3.125183000000000000e+06
3.117179600000000093e+06
3.109186100000000093e+06
3.101202299999999814e+06
3.093228000000000000e+06
3.085262899999999907e+06
3.077306799999999814e+06
3.069359600000000093e+06
3.061421000000000000e+06
3.053490799999999814e+06
3.045568799999999814e+06
3.037654700000000186e+06
3.029748399999999907e+06
3.021849399999999907e+06
3.013957700000000186e+06
3.006072899999999907e+06
2.998194799999999814e+06
2.990323000000000000e+06
2.982457100000000093e+06
2.974596799999999814e+06
2.966741700000000186e+06
2.958891399999999907e+06
2.951045600000000093e+06
2.943203700000000186e+06
2.935365600000000093e+06
2.927530700000000186e+06
2.919698799999999814e+06
2.911869500000000000e+06
2.904042399999999907e+06
2.896217200000000186e+06
2.888393500000000000e+06
2.880570899999999907e+06
2.872749200000000186e+06
2.864927799999999814e+06
2.857106500000000000e+06
2.849285000000000000e+06
2.841462899999999907e+06
2.833639799999999814e+06
2.825815500000000000e+06
2.817989500000000000e+06
2.810161799999999814e+06
2.802331799999999814e+06
2.794499399999999907e+06
2.786664200000000186e+06
2.778825600000000093e+06
2.770983200000000186e+06
2.763136500000000000e+06
2.755284799999999814e+06
2.747427799999999814e+06
2.739564799999999814e+06
2.731695299999999814e+06
2.723818799999999814e+06
2.715934700000000186e+06
2.708042600000000093e+06
2.700141799999999814e+06
2.692231899999999907e+06
2.684312200000000186e+06
2.676382299999999814e+06
2.668441700000000186e+06
2.660489899999999907e+06
2.652526500000000000e+06
2.644550899999999907e+06
2.636562899999999907e+06
2.628562200000000186e+06
2.620548399999999907e+06
2.612521399999999907e+06
2.604481100000000093e+06
2.596427299999999814e+06
2.588360000000000000e+06
2.580279299999999814e+06
2.572185299999999814e+06
2.564077899999999907e+06
2.555957299999999814e+06
2.547823600000000093e+06
2.539676799999999814e+06
2.531517100000000093e+06
2.523344299999999814e+06
2.515158500000000000e+06
2.506959500000000000e+06
2.498747299999999814e+06
2.490521399999999907e+06
2.482281600000000093e+06
2.474027399999999907e+06
2.465758100000000093e+06
2.457473200000000186e+06
2.449172000000000000e+06
2.440853799999999814e+06
2.432518000000000000e+06
2.424164000000000000e+06
2.415791100000000093e+06
2.407398899999999907e+06
2.398986799999999814e+06
2.390554299999999814e+06
2.382100799999999814e+06
2.373625799999999814e+06
2.365128899999999907e+06
2.356609600000000093e+06
2.348067200000000186e+06
2.339501399999999907e+06
2.330911899999999907e+06
2.322298500000000000e+06
2.313660600000000093e+06
2.304998100000000093e+06
2.296311100000000093e+06
2.287599100000000093e+06
2.278860899999999907e+06
2.270096200000000186e+06
2.261306200000000186e+06
2.252492000000000000e+06
2.243653200000000186e+06
2.234791100000000093e+06
2.225871200000000186e+06
2.216837799999999814e+06
2.207705600000000093e+06
2.198556899999999907e+06
2.189439399999999907e+06
2.180352899999999907e+06
2.171297200000000186e+06
2.162272399999999907e+06
2.153278299999999814e+06
2.144314700000000186e+06
2.135381700000000186e+06
2.126479200000000186e+06
2.117607000000000000e+06
2.108765100000000093e+06
2.099953399999999907e+06
2.091171800000000047e+06
2.082420199999999953e+06
2.073698500000000000e+06
2.065006699999999953e+06
2.056344600000000093e+06
2.047712199999999953e+06
2.039109500000000000e+06
2.030536199999999953e+06
2.021992399999999907e+06
2.013478000000000000e+06
2.004992800000000047e+06
1.996536800000000047e+06
1.988109899999999907e+06
1.979712000000000000e+06
1.971343000000000000e+06
1.963003000000000000e+06
1.954691699999999953e+06
1.946409100000000093e+06
1.938155100000000093e+06
1.929929699999999953e+06
1.921732800000000047e+06
1.913564199999999953e+06
1.905424000000000000e+06
1.897312000000000000e+06
1.889228199999999953e+06
1.881172399999999907e+06
1.873144699999999953e+06
1.865144899999999907e+06
1.857172899999999907e+06
1.849228699999999953e+06
1.841312300000000047e+06
1.833423500000000000e+06
1.825562199999999953e+06
1.817728399999999907e+06
1.809922100000000093e+06
1.802143100000000093e+06
1.794391300000000047e+06
1.786666800000000047e+06
1.778969399999999907e+06
1.771299100000000093e+06
1.763655699999999953e+06
1.756039300000000047e+06
1.748449699999999953e+06
1.740886800000000047e+06
1.733350699999999953e+06
1.725841300000000047e+06
1.718358300000000047e+06
1.710901899999999907e+06
1.703472000000000000e+06
1.696068300000000047e+06
1.688691000000000000e+06
1.681339899999999907e+06
1.674015000000000000e+06
1.666716100000000093e+06
1.659443300000000047e+06
1.652196399999999907e+06
1.644975399999999907e+06
1.637780199999999953e+06
1.630610800000000047e+06
1.623467100000000093e+06
1.616348899999999907e+06
1.609256399999999907e+06
1.602189300000000047e+06
1.595147600000000093e+06
1.588131300000000047e+06
1.581140300000000047e+06
1.574174500000000000e+06
1.567233899999999907e+06
1.560318300000000047e+06
1.553427800000000047e+06
1.546562199999999953e+06
1.539721600000000093e+06
1.532905800000000047e+06
1.526114699999999953e+06
1.519348399999999907e+06
1.512606699999999953e+06
1.505889600000000093e+06
1.499197000000000000e+06
1.492528899999999907e+06
1.485885100000000093e+06
1.479265699999999953e+06
1.472670600000000093e+06
1.466099699999999953e+06
1.459552899999999907e+06
1.453030300000000047e+06
1.446531600000000093e+06
1.440057000000000000e+06
1.433606199999999953e+06
1.427179300000000047e+06
1.420776199999999953e+06
1.414396800000000047e+06
1.408041000000000000e+06
1.401708899999999907e+06
1.395400300000000047e+06
1.389115199999999953e+06
1.382853500000000000e+06
1.376615100000000093e+06
1.370400100000000093e+06
1.364208300000000047e+06
1.358039600000000093e+06
1.351894000000000000e+06
1.345771500000000000e+06
1.339672000000000000e+06
1.333595399999999907e+06
1.327541600000000093e+06
1.321510699999999953e+06
1.315502500000000000e+06
1.309517000000000000e+06
1.303554100000000093e+06
1.297613699999999953e+06
1.291695899999999907e+06
1.285800500000000000e+06
1.279927600000000093e+06
1.274076899999999907e+06
1.268248600000000093e+06
1.262442399999999907e+06
1.256658500000000000e+06
1.250896600000000093e+06
1.245156800000000047e+06
1.239438899999999907e+06
1.233743000000000000e+06
1.228069000000000000e+06
1.222416800000000047e+06
1.216786399999999907e+06
1.211177600000000093e+06
1.205590500000000000e+06
1.200025100000000093e+06
1.194481100000000093e+06
1.188958600000000093e+06
1.183457600000000093e+06
1.177977800000000047e+06
1.172519399999999907e+06
1.167082300000000047e+06
1.161666300000000047e+06
1.156271500000000000e+06
1.150897699999999953e+06
1.145544899999999907e+06
1.140213199999999953e+06
1.134902300000000047e+06
1.129612300000000047e+06
1.124343100000000093e+06
1.119094600000000093e+06
1.113866800000000047e+06
1.108659699999999953e+06
1.103473199999999953e+06
1.098307199999999953e+06
1.093161600000000093e+06
1.088036600000000093e+06
1.082931800000000047e+06
1.077847500000000000e+06
1.072783300000000047e+06
1.067739399999999907e+06
1.062715699999999953e+06
1.057712000000000000e+06
1.052728399999999907e+06
1.047764900000000023e+06
1.042821199999999953e+06
1.037897500000000000e+06
1.032993599999999977e+06
1.028109400000000023e+06
1.023245000000000000e+06
1.018400300000000047e+06
1.013575300000000047e+06
1.008769800000000047e+06
1.003983800000000047e+06
9.992173000000000466e+05
9.944702099999999627e+05
9.897424899999999907e+05
9.850340799999999581e+05
9.803449200000000419e+05
9.756749699999999721e+05
9.710241600000000326e+05
9.663924499999999534e+05
9.617797800000000279e+05
9.571860999999999767e+05
9.526113499999999767e+05
9.480554899999999907e+05
9.435184499999999534e+05
9.390001800000000512e+05
9.345006400000000140e+05
9.300197700000000186e+05
9.255575100000000093e+05
9.211138100000000559e+05
9.166886300000000047e+05
9.122819100000000326e+05
9.078935999999999767e+05
9.035236400000000140e+05
8.991719899999999907e+05
8.948385899999999674e+05
8.905233900000000140e+05
8.862263399999999674e+05
8.819473900000000140e+05
8.776864799999999814e+05
8.734435600000000559e+05
8.692185799999999581e+05
8.650114799999999814e+05
8.608222199999999721e+05
8.566507399999999907e+05
8.524969899999999907e+05
8.483609200000000419e+05
8.442424699999999721e+05
8.401415899999999674e+05
8.360582299999999814e+05
8.319923399999999674e+05
8.279438599999999860e+05
8.239127399999999907e+05
8.198989300000000512e+05
8.159023800000000047e+05
8.119230300000000279e+05
8.079608399999999674e+05
8.040157399999999907e+05
8.000876899999999441e+05
7.961766400000000140e+05
7.922825300000000279e+05
7.884053100000000559e+05
7.845449200000000419e+05
7.807013100000000559e+05
7.768744399999999441e+05
7.730642500000000000e+05
7.692706800000000512e+05
7.654936899999999441e+05
7.617332199999999721e+05
7.579892299999999814e+05
7.542616500000000233e+05
7.505504499999999534e+05
7.468555600000000559e+05
7.431769399999999441e+05
7.395145300000000279e+05
7.358682800000000279e+05
7.322381500000000233e+05
7.286240799999999581e+05
7.250260200000000186e+05
7.214439100000000326e+05
7.178777099999999627e+05
7.143273599999999860e+05
7.107928199999999488e+05
7.072740300000000279e+05
7.037709300000000512e+05
7.002834899999999907e+05
6.968116400000000140e+05
6.933553399999999674e+05
6.899145300000000279e+05
6.864891600000000326e+05
6.830791700000000419e+05
6.796845300000000279e+05
6.763051600000000326e+05
6.729410300000000279e+05
6.695920799999999581e+05
6.662582600000000093e+05
6.629395200000000186e+05
6.596358000000000466e+05
6.563470600000000559e+05
6.530732399999999907e+05
6.498142900000000373e+05
6.465701600000000326e+05
6.433407900000000373e+05
6.401261400000000140e+05
6.369261600000000326e+05
6.337407800000000279e+05
6.305699699999999721e+05
6.274136600000000326e+05
6.242718000000000466e+05
6.211443499999999767e+05
6.180312500000000000e+05
6.149324599999999627e+05
6.118479100000000326e+05
6.087775500000000466e+05
6.057213399999999674e+05
6.026792299999999814e+05
5.996511600000000326e+05
5.966370799999999581e+05
5.936369399999999441e+05
5.906506800000000512e+05
5.876782500000000000e+05
5.847195999999999767e+05
5.817746800000000512e+05
5.788434300000000512e+05
5.759258199999999488e+05
5.730217800000000279e+05
5.701312700000000186e+05
5.672542500000000000e+05
5.643906500000000233e+05
5.615404300000000512e+05
5.587035600000000559e+05
5.558799699999999721e+05
5.530696199999999953e+05
5.502724599999999627e+05
5.474884599999999627e+05
5.447175500000000466e+05
5.419596800000000512e+05
5.392148199999999488e+05
5.364829100000000326e+05
5.337639000000000233e+05
5.310577399999999907e+05
5.283643900000000140e+05
5.256838000000000466e+05
5.230159099999999744e+05
5.203606900000000023e+05
5.177180800000000163e+05
5.150880399999999790e+05
5.124705200000000186e+05
5.098654799999999814e+05
5.072728599999999860e+05
5.046926099999999860e+05
5.021247000000000116e+05
4.995690800000000163e+05
4.970256900000000023e+05
4.944945000000000000e+05
4.919754500000000116e+05
4.894685100000000093e+05
4.869736099999999860e+05
4.844907199999999721e+05
4.820197899999999790e+05
4.795607700000000186e+05
4.771136099999999860e+05
4.746782600000000093e+05
4.722546799999999930e+05
4.698428200000000070e+05
4.674426199999999953e+05
4.650540399999999790e+05
4.626770300000000279e+05
4.603115499999999884e+05
4.579575300000000279e+05
4.556149400000000023e+05
4.532837299999999814e+05
4.509638499999999767e+05
4.486552500000000000e+05
4.463578900000000140e+05
4.440717000000000116e+05
4.417966500000000233e+05
4.395326799999999930e+05
4.372797500000000000e+05
4.350378200000000070e+05
4.328068300000000163e+05
4.305867299999999814e+05
4.283774899999999907e+05
4.261790599999999977e+05
4.239913800000000047e+05
4.218144199999999837e+05
4.196481300000000047e+05
4.174924600000000210e+05
4.153473699999999953e+05
4.132128200000000070e+05
4.110887600000000093e+05
4.089751500000000233e+05
4.068719500000000116e+05
4.047790999999999767e+05
4.026965700000000070e+05
4.006243200000000070e+05
3.985622899999999790e+05
3.965104500000000116e+05
3.944687399999999907e+05
3.924371300000000047e+05
3.904155499999999884e+05
3.884039799999999814e+05
3.864023699999999953e+05
3.844106599999999744e+05
3.824288300000000163e+05
3.804568200000000070e+05
3.784945999999999767e+05
3.765421300000000047e+05
3.745993499999999767e+05
3.726662399999999907e+05
3.707427500000000000e+05
3.688288499999999767e+05
3.669244799999999814e+05
3.650296199999999953e+05
3.631442199999999721e+05
3.612682500000000000e+05
3.594016599999999744e+05
3.575444199999999837e+05
3.556964899999999907e+05
3.538578400000000256e+05
3.520284099999999744e+05
3.502081799999999930e+05
3.483971099999999860e+05
3.465951500000000233e+05
3.448022700000000186e+05
3.430184299999999930e+05
3.412435800000000163e+05
3.394776900000000023e+05
3.377207199999999721e+05
3.359726199999999953e+05
3.342333599999999860e+05
3.325028900000000140e+05
3.307811799999999930e+05
3.290681900000000023e+05
3.273638699999999953e+05
3.256682000000000116e+05
3.239811199999999953e+05
3.223025900000000256e+05
3.206325900000000256e+05
3.189710599999999977e+05
3.173179799999999814e+05
3.156732899999999790e+05
3.140369699999999721e+05
3.124089699999999721e+05
3.107892500000000000e+05
3.091777899999999790e+05
3.075745300000000279e+05
3.059794400000000023e+05
3.043924899999999907e+05
3.028136199999999953e+05
3.012428099999999977e+05
2.996800200000000186e+05
2.981252000000000116e+05
2.965783099999999977e+05
2.950393200000000070e+05
2.935081799999999930e+05
2.919848599999999860e+05
2.904693099999999977e+05
2.889615100000000093e+05
2.874614099999999744e+05
2.859689699999999721e+05
2.844841699999999837e+05
2.830069699999999721e+05
2.815373300000000163e+05
2.800752100000000210e+05
2.786205999999999767e+05
2.771734400000000023e+05
2.757337199999999721e+05
2.743013900000000140e+05
2.728764299999999930e+05
2.714587899999999790e+05
2.700484299999999930e+05
2.686453400000000256e+05
2.672494600000000210e+05
2.658607700000000186e+05
2.644792399999999907e+05
2.631048300000000163e+05
2.617375100000000093e+05
2.603772399999999907e+05
2.590240100000000093e+05
2.576777699999999895e+05
2.563385000000000000e+05
2.550061700000000128e+05
2.536807500000000000e+05
2.523622000000000116e+05
2.510505000000000000e+05
2.497456300000000047e+05
2.484475400000000081e+05
2.471562099999999919e+05
2.458716099999999860e+05
2.445937099999999919e+05
2.433224700000000012e+05
2.420578599999999860e+05
2.407998599999999860e+05
2.395484200000000128e+05
2.383035199999999895e+05
2.370651199999999953e+05
2.358331900000000023e+05
2.346076900000000023e+05
2.333886000000000058e+05
2.321758800000000047e+05
2.309695000000000000e+05
2.297694200000000128e+05
2.285756300000000047e+05
2.273880700000000070e+05
2.262067399999999907e+05
2.250315899999999965e+05
2.238625899999999965e+05
2.226997099999999919e+05
2.215429200000000128e+05
2.203921900000000023e+05
2.192474899999999907e+05
2.181087900000000081e+05
2.169760599999999977e+05
2.158492699999999895e+05
2.147283999999999942e+05
2.136134200000000128e+05
2.125042999999999884e+05
2.114010199999999895e+05
2.103035299999999988e+05
2.092118099999999977e+05
2.081258299999999872e+05
2.070455599999999977e+05
2.059709800000000105e+05
2.049020499999999884e+05
2.038387600000000093e+05
2.027810799999999872e+05
2.017289800000000105e+05
2.006824599999999919e+05
1.996414700000000012e+05
1.986060000000000000e+05
1.975760299999999988e+05
1.965515100000000093e+05
1.955324400000000023e+05
1.945187799999999988e+05
1.935105199999999895e+05
1.925076099999999860e+05
1.915100599999999977e+05
1.905178200000000070e+05
1.895308699999999953e+05
1.885492099999999919e+05
1.875727900000000081e+05
1.866016000000000058e+05
1.856356199999999953e+05
1.846748299999999872e+05
1.837191900000000023e+05
1.827686900000000023e+05
1.818232999999999884e+05
1.808830000000000000e+05
1.799477600000000093e+05
1.790175599999999977e+05
1.780923800000000047e+05
1.771721799999999930e+05
1.762569500000000116e+05
1.753466600000000035e+05
1.744412799999999988e+05
1.735407999999999884e+05
1.726451799999999930e+05
1.717544100000000035e+05
1.708684599999999919e+05
1.699872999999999884e+05
1.691109100000000035e+05
1.682392699999999895e+05
1.673723500000000058e+05
1.665101300000000047e+05
1.656525700000000070e+05
1.647996600000000035e+05
1.639513699999999953e+05
1.631076700000000128e+05
1.622685400000000081e+05
1.614339500000000116e+05
1.606038800000000047e+05
1.597783099999999977e+05
1.589572099999999919e+05
1.581405499999999884e+05
1.573283200000000070e+05
1.565204899999999907e+05
1.557170400000000081e+05
1.549179299999999930e+05
1.541231600000000035e+05
1.533326900000000023e+05
1.525465000000000000e+05
1.517645899999999965e+05
1.509869299999999930e+05
1.502134899999999907e+05
1.494442600000000093e+05
1.486792200000000012e+05
1.479183500000000058e+05
1.471616199999999953e+05
1.464090199999999895e+05
1.456605199999999895e+05
1.449161099999999860e+05
1.441757600000000093e+05
1.434394500000000116e+05
1.427071700000000128e+05
1.419788800000000047e+05
1.412545799999999872e+05
1.405342500000000000e+05
1.398178599999999860e+05
1.391053999999999942e+05
1.383968399999999965e+05
1.376921600000000035e+05
1.369913399999999965e+05
1.362943699999999953e+05
1.356012000000000116e+05
1.349118399999999965e+05
1.342262399999999907e+05
1.335443999999999942e+05
1.328662900000000081e+05
1.321918999999999942e+05
1.315212099999999919e+05
1.308541799999999930e+05
1.301908099999999977e+05
1.295310500000000029e+05
1.288748999999999942e+05
1.282223200000000070e+05
1.275732899999999936e+05
1.269277799999999988e+05
1.262857899999999936e+05
1.256472799999999988e+05
1.250122400000000052e+05
1.243806399999999994e+05
1.237524700000000012e+05
1.231276999999999971e+05
1.225063000000000029e+05
1.218882500000000000e+05
1.212735200000000041e+05
1.206620899999999965e+05
1.200539299999999930e+05
1.194490099999999948e+05
1.188473200000000070e+05
1.182488300000000017e+05
1.176535299999999988e+05
1.170613800000000047e+05
1.164723699999999953e+05
1.158864600000000064e+05
1.153036499999999942e+05
1.147238999999999942e+05
1.141471799999999930e+05
1.135734900000000052e+05
1.130027899999999936e+05
1.124350700000000070e+05
1.118703000000000029e+05
1.113084799999999959e+05
1.107495700000000070e+05
1.101935700000000070e+05
1.096404499999999971e+05
1.090901900000000023e+05
1.085427700000000041e+05
1.079981900000000023e+05
1.074563999999999942e+05
1.069174100000000035e+05
1.063811799999999930e+05
1.058476999999999971e+05
1.053169400000000023e+05
1.047888999999999942e+05
1.042635500000000029e+05
1.037408600000000006e+05
1.032208300000000017e+05
1.027034299999999930e+05
1.021886399999999994e+05
1.016764400000000023e+05
1.011668099999999977e+05
1.006597400000000052e+05
1.001552100000000064e+05
9.965319199999999546e+04
9.915367200000000594e+04
9.865663300000000163e+04
9.816205400000000373e+04
9.766991700000000128e+04
9.718019999999999709e+04
9.669288300000000163e+04
9.620794400000000314e+04
9.572536900000000605e+04
9.524514400000000023e+04
9.476725599999999395e+04
9.429169199999999546e+04
9.381843600000000151e+04
9.334747299999999814e+04
9.287879099999999744e+04
9.241237600000000384e+04
9.194821400000000722e+04
9.148628699999999662e+04
9.102658299999999872e+04
9.056909299999999348e+04
9.011380899999999383e+04
8.966072299999999814e+04
8.920982499999999709e+04
8.876110300000000279e+04
8.831454700000000594e+04
8.787014699999999721e+04
8.742789299999999639e+04
8.698777400000000489e+04
8.654977800000000570e+04
8.611389500000000407e+04
8.568011500000000524e+04
8.524842999999999302e+04
8.481883299999999872e+04
8.439131299999999464e+04
8.396586000000000058e+04
8.354246300000000338e+04
8.312111599999999453e+04
8.270181100000000151e+04
8.228454300000000512e+04
8.186930000000000291e+04
8.145607399999999325e+04
8.104485499999999593e+04
8.063563499999999476e+04
8.022840600000000268e+04
7.982316400000000431e+04
7.941990200000000186e+04
7.901861199999999371e+04
7.861928900000000431e+04
7.822192799999999988e+04
7.782652400000000489e+04
7.743307499999999709e+04
7.704157499999999709e+04
7.665201600000000326e+04
7.626439400000000023e+04
7.587870299999999406e+04
7.549494000000000233e+04
7.511310000000000582e+04
7.473318200000000070e+04
7.435517900000000373e+04
7.397908500000000640e+04
7.360489599999999336e+04
7.323260899999999674e+04
7.286221799999999348e+04
7.249372000000000116e+04
7.212711100000000442e+04
7.176238300000000163e+04
7.139953200000000652e+04
7.103855400000000373e+04
7.067944199999999546e+04
7.032219500000000698e+04
6.996680700000000070e+04
6.961327400000000489e+04
6.926158900000000722e+04
6.891174599999999919e+04
6.856374000000000524e+04
6.821756799999999930e+04
6.787322599999999511e+04
6.753071199999999953e+04
6.719002300000000105e+04
6.685115300000000570e+04
6.651409799999999814e+04
6.617885199999999895e+04
6.584541199999999662e+04
6.551377300000000105e+04
6.518393299999999726e+04
6.485588599999999860e+04
6.452962799999999697e+04
6.420515299999999843e+04
6.388245599999999831e+04
6.356153100000000268e+04
6.324237500000000000e+04
6.292498300000000017e+04
6.260935100000000239e+04
6.229547400000000198e+04
6.198334700000000157e+04
6.167296199999999953e+04
6.136431500000000233e+04
6.105739899999999761e+04
6.075220900000000256e+04
6.044873999999999796e+04
6.014698700000000099e+04
5.984694400000000314e+04
5.954860500000000320e+04
5.925196300000000338e+04
5.895701400000000285e+04
5.866375600000000122e+04
5.837218499999999767e+04
5.808229499999999825e+04
5.779408099999999831e+04
5.750753800000000047e+04
5.722266000000000349e+04
5.693944299999999930e+04
5.665787999999999738e+04
5.637796699999999691e+04
5.609969600000000355e+04
5.582306199999999808e+04
5.554805799999999726e+04
5.527467700000000332e+04
5.500291500000000087e+04
5.473276600000000326e+04
5.446422499999999854e+04
5.419728399999999965e+04
5.393193800000000192e+04
5.366818000000000029e+04
5.340600299999999697e+04
5.314540000000000146e+04
5.288636400000000140e+04
5.262888900000000285e+04
5.237296899999999732e+04
5.211859799999999814e+04
5.186576799999999639e+04
5.161447200000000157e+04
5.136470399999999790e+04
5.111645900000000256e+04
5.086973099999999977e+04
5.062451600000000326e+04
5.038080599999999686e+04
5.013859700000000157e+04
4.989788199999999779e+04
4.965865499999999884e+04
4.942090899999999965e+04
4.918463700000000244e+04
4.894983200000000215e+04
4.871648799999999756e+04
4.848459700000000157e+04
4.825415099999999802e+04
4.802514299999999639e+04
4.779756599999999889e+04
4.757141300000000047e+04
4.734667599999999948e+04
4.712334900000000198e+04
4.690142300000000250e+04
4.668089100000000326e+04
4.646174599999999919e+04
4.624398000000000320e+04
4.602758499999999913e+04
4.581255599999999686e+04
4.559888300000000163e+04
4.538655900000000111e+04
4.517557499999999709e+04
4.496592300000000250e+04
4.475759500000000116e+04
4.455058699999999953e+04
4.434488999999999942e+04
4.414049599999999919e+04
4.393739600000000064e+04
4.373558200000000215e+04
4.353504400000000169e+04
4.333577300000000105e+04
4.313776099999999860e+04
4.294099799999999959e+04
4.274547499999999854e+04
4.255118400000000111e+04
4.235811499999999796e+04
4.216626099999999860e+04
4.197561299999999756e+04
4.178616300000000047e+04
4.159790299999999843e+04
4.141082400000000052e+04
4.122491799999999785e+04
4.104017799999999988e+04
4.085659700000000157e+04
4.067416700000000128e+04
4.049288100000000122e+04
4.031273200000000361e+04
4.013371300000000338e+04
3.995581799999999930e+04
3.977904099999999744e+04
3.960337599999999657e+04
3.942881599999999889e+04
3.925535399999999936e+04
3.908298399999999674e+04
3.891169999999999709e+04
3.874149300000000221e+04
3.857235700000000361e+04
3.840428699999999662e+04
3.823727399999999761e+04
3.807131100000000151e+04
3.790639199999999983e+04
3.774250600000000122e+04
3.757964600000000064e+04
3.741780299999999988e+04
3.725696699999999691e+04
3.709713199999999779e+04
3.693828899999999703e+04
3.678042899999999645e+04
3.662354099999999744e+04
3.646761800000000221e+04
3.631265000000000146e+04
3.615862799999999697e+04
3.600554499999999825e+04
3.585339499999999680e+04
3.570216900000000169e+04
3.555185800000000017e+04
3.540245599999999831e+04
3.525395399999999790e+04
3.510634399999999732e+04
3.495962000000000262e+04
3.481377199999999721e+04
3.466879499999999825e+04
3.452467899999999645e+04
3.438141999999999825e+04
3.423901000000000204e+04
3.409744200000000274e+04
3.395671199999999953e+04
3.381681399999999849e+04
3.367774100000000180e+04
3.353948900000000140e+04
3.340205000000000291e+04
3.326541900000000169e+04
3.312959100000000035e+04
3.299455999999999767e+04
3.286032200000000012e+04
3.272687600000000020e+04
3.259421600000000035e+04
3.246233899999999994e+04
3.233124100000000180e+04
3.220091600000000108e+04
3.207136000000000058e+04
3.194256799999999930e+04
3.181453600000000006e+04
3.168725800000000163e+04
3.156073099999999977e+04
3.143495000000000073e+04
3.130991100000000006e+04
3.118560900000000038e+04
3.106204100000000108e+04
3.093920100000000093e+04
3.081708499999999913e+04
3.069568700000000172e+04
3.057500200000000041e+04
3.045502600000000166e+04
3.033575300000000061e+04
3.021718000000000029e+04
3.009930400000000009e+04
2.998212199999999939e+04
2.986563000000000102e+04
2.974982400000000052e+04
2.963470100000000093e+04
2.952025700000000143e+04
2.940648800000000119e+04
2.929338899999999921e+04
2.918095599999999831e+04
2.906918500000000131e+04
2.895807200000000012e+04
2.884761100000000079e+04
2.873779799999999886e+04
2.862863000000000102e+04
2.852010099999999875e+04
2.841220899999999892e+04
2.830494900000000052e+04
2.819831599999999889e+04
2.809230600000000049e+04
2.798691500000000087e+04
2.788213999999999942e+04
2.777797799999999916e+04
2.767442699999999968e+04
2.757148199999999997e+04
2.746913999999999942e+04
2.736739900000000125e+04
2.726625500000000102e+04
2.716570699999999852e+04
2.706575100000000020e+04
2.696638200000000143e+04
2.686759899999999834e+04
2.676939500000000044e+04
2.667176699999999983e+04
2.657471099999999933e+04
2.647822100000000137e+04
2.638229200000000128e+04
2.628691900000000169e+04
2.619209700000000157e+04
2.609782400000000052e+04
2.600409700000000157e+04
2.591091600000000108e+04
2.581827999999999884e+04
2.572618500000000131e+04
2.563462900000000081e+04
2.554360900000000038e+04
2.545312099999999919e+04
2.536315999999999985e+04
2.527372200000000157e+04
2.518480299999999988e+04
2.509639700000000084e+04
2.500850000000000000e+04
2.492110599999999977e+04
2.483421299999999974e+04
2.474781899999999951e+04
2.466191900000000169e+04
2.457651199999999881e+04
2.449159200000000055e+04
2.440715699999999924e+04
2.432320300000000134e+04
2.423972799999999916e+04
2.415672899999999936e+04
2.407420400000000154e+04
2.399214800000000105e+04
2.391055700000000070e+04
2.382942599999999948e+04
2.374875000000000000e+04
2.366852600000000166e+04
2.358875100000000020e+04
2.350942199999999866e+04
2.343053600000000006e+04
2.335209200000000055e+04
2.327408399999999892e+04
2.319650999999999840e+04
2.311936600000000180e+04
2.304264700000000084e+04
2.296634999999999854e+04
2.289047100000000137e+04
2.281500700000000143e+04
2.273995599999999831e+04
2.266531499999999869e+04
2.259107900000000154e+04
2.251724499999999898e+04
2.244380800000000090e+04
2.237076599999999962e+04
2.229811799999999857e+04
2.222585900000000038e+04
2.215398900000000140e+04
2.208250300000000061e+04
2.201140000000000146e+04
2.194067499999999927e+04
2.187032500000000073e+04
2.180034600000000137e+04
2.173073500000000058e+04
2.166148900000000140e+04
2.159260299999999916e+04
2.152407600000000093e+04
2.145590499999999884e+04
2.138808699999999953e+04
2.132061899999999878e+04
2.125349799999999959e+04
2.118671900000000096e+04
2.112027999999999884e+04
2.105418000000000029e+04
2.098841500000000087e+04
2.092298400000000038e+04
2.085788399999999820e+04
2.079311100000000079e+04
2.072866300000000047e+04
2.066453800000000047e+04
2.060073199999999997e+04
2.053724299999999857e+04
2.047406799999999930e+04
2.041120400000000154e+04
2.034865000000000146e+04
2.028640399999999863e+04
2.022446399999999994e+04
2.016282700000000114e+04
2.010149100000000180e+04
2.004045200000000114e+04
1.997970799999999872e+04
1.991925600000000122e+04
1.985909400000000096e+04
1.979921900000000096e+04
1.973963100000000122e+04
1.968032500000000073e+04
1.962129999999999927e+04
1.956255299999999988e+04
1.950408000000000175e+04
1.944588000000000102e+04
1.938795000000000073e+04
1.933028900000000067e+04
1.927289600000000064e+04
1.921576800000000003e+04
1.915890499999999884e+04
1.910230400000000009e+04
1.904596299999999974e+04
1.898987800000000061e+04
1.893404899999999907e+04
1.887847100000000137e+04
1.882314400000000023e+04
1.876806399999999849e+04
1.871322999999999956e+04
1.865863999999999942e+04
1.860429100000000108e+04
1.855018000000000029e+04
1.849630600000000049e+04
1.844266700000000128e+04
1.838926099999999860e+04
1.833608799999999974e+04
1.828314600000000064e+04
1.823043300000000090e+04
1.817794700000000012e+04
1.812568700000000172e+04
1.807365000000000146e+04
1.802183399999999892e+04
1.797023700000000099e+04
1.791885800000000017e+04
1.786769199999999910e+04
1.781674000000000160e+04
1.776599799999999959e+04
1.771546500000000015e+04
1.766513899999999921e+04
1.761501800000000003e+04
1.756510099999999875e+04
1.751538599999999860e+04
1.746587299999999959e+04
1.741655900000000111e+04
1.736744399999999951e+04
1.731852400000000125e+04
1.726979899999999907e+04
1.722126699999999983e+04
1.717292599999999948e+04
1.712477300000000105e+04
1.707680800000000090e+04
1.702902699999999822e+04
1.698143100000000049e+04
1.693401499999999942e+04
1.688677999999999884e+04
1.683972399999999834e+04
1.679284400000000096e+04
1.674613999999999942e+04
1.669961000000000058e+04
1.665325200000000041e+04
1.660706599999999889e+04
1.656104799999999886e+04
1.651519800000000032e+04
1.646951299999999901e+04
1.642399299999999857e+04
1.637863400000000001e+04
1.633343599999999969e+04
1.628839600000000064e+04
1.624351300000000083e+04
1.619878700000000026e+04
1.615421399999999994e+04
1.610979500000000007e+04
1.606552700000000004e+04
1.602140899999999965e+04
1.597744100000000071e+04
1.593362000000000080e+04
1.588994399999999951e+04
1.584641300000000047e+04
1.580302299999999923e+04
1.575977299999999923e+04
1.571666200000000026e+04
1.567368900000000031e+04
1.563085100000000057e+04
1.558814799999999923e+04
1.554557699999999932e+04
1.550313800000000083e+04
1.546082999999999993e+04
1.541865099999999984e+04
1.537659900000000016e+04
1.533467300000000068e+04
1.529287099999999919e+04
1.525119299999999930e+04
1.520963500000000022e+04
1.516819599999999991e+04
1.512687399999999980e+04
1.508566799999999967e+04
1.504457699999999932e+04
1.500359799999999996e+04
1.496272999999999956e+04
1.492197199999999975e+04
1.488132200000000012e+04
1.484077900000000045e+04
1.480034100000000035e+04
1.476000699999999961e+04
1.471977599999999984e+04
1.467964600000000064e+04
1.463961700000000019e+04
1.459968699999999990e+04
1.455985499999999956e+04
1.452011700000000019e+04
1.448047199999999975e+04
1.444091899999999987e+04
1.440145499999999993e+04
1.436207799999999952e+04
1.432278600000000006e+04
1.428357799999999952e+04
1.424445199999999932e+04
1.420540600000000086e+04
1.416643900000000031e+04
1.412754999999999927e+04
1.408873799999999937e+04
1.405000200000000041e+04
1.401134100000000035e+04
1.397275300000000061e+04
1.393423799999999937e+04
1.389579099999999926e+04
1.385740999999999985e+04
1.381909200000000055e+04
1.378083599999999933e+04
1.374263899999999921e+04
1.370449899999999980e+04
1.366641400000000067e+04
1.362838299999999981e+04
1.359040500000000065e+04
1.355247700000000077e+04
1.351459900000000016e+04
1.347677000000000044e+04
1.343898699999999917e+04
1.340125100000000020e+04
1.336355700000000070e+04
1.332590600000000086e+04
1.328829399999999987e+04
1.325071700000000055e+04
1.321317300000000068e+04
1.317565799999999945e+04
1.313817100000000028e+04
1.310070800000000054e+04
1.306326900000000023e+04
1.302585100000000057e+04
1.298845199999999932e+04
1.295107099999999991e+04
1.291370499999999993e+04
1.287635299999999916e+04
1.283901200000000063e+04
1.280168000000000029e+04
1.276435499999999956e+04
1.272703499999999985e+04
1.268971899999999914e+04
1.265240400000000045e+04
1.261508499999999913e+04
1.257776000000000022e+04
1.254042400000000089e+04
1.250307699999999932e+04
1.246571399999999994e+04
1.242833300000000054e+04
1.239093100000000049e+04
1.235350499999999920e+04
1.231605099999999948e+04
1.227856699999999910e+04
1.224105099999999948e+04
1.220350000000000000e+04
1.216591200000000026e+04
1.212828399999999965e+04
1.209061399999999958e+04
1.205289999999999964e+04
1.201513999999999942e+04
1.197732899999999972e+04
1.193946299999999974e+04
1.190153600000000006e+04
1.186354500000000007e+04
1.182548400000000038e+04
1.178735200000000077e+04
1.174914300000000003e+04
1.171085499999999956e+04
1.167248500000000058e+04
1.163402800000000025e+04
1.159548199999999997e+04
1.155684300000000076e+04
1.151810900000000038e+04
1.147927599999999984e+04
1.144034300000000076e+04
1.140130400000000009e+04
1.136215799999999945e+04
1.132290099999999984e+04
1.128353000000000065e+04
1.124403700000000026e+04
1.120442000000000007e+04
1.116467200000000048e+04
1.112478900000000067e+04
1.108476699999999983e+04
1.104460200000000077e+04
1.100428900000000067e+04
1.096382500000000073e+04
1.092320700000000033e+04
1.088243100000000049e+04
1.084149300000000039e+04
1.080039099999999962e+04
1.075912199999999939e+04
1.071768300000000090e+04
1.067607200000000012e+04
1.063428600000000006e+04
1.059232200000000012e+04
1.055017900000000009e+04
1.050785599999999977e+04
1.046534900000000016e+04
1.042265799999999945e+04
1.037977700000000004e+04
1.033670399999999972e+04
1.029343699999999990e+04
1.024997600000000057e+04
1.020631799999999930e+04
1.016246299999999974e+04
1.011841200000000026e+04
1.007416400000000067e+04
1.002972199999999975e+04
9.985085800000000745e+03
9.940258499999999913e+03
9.895242599999999584e+03
9.850041300000000774e+03
9.804658400000000256e+03
9.759097999999999956e+03
9.713365299999999479e+03
9.667465599999999540e+03
9.621404899999999543e+03
9.575189899999999398e+03
9.528827799999999115e+03
9.482325999999999112e+03
9.435692800000000716e+03
9.388936799999999494e+03
9.342067600000000311e+03
9.295095100000000457e+03
9.248029599999999846e+03
9.200881299999999101e+03
9.153660299999999552e+03
9.106377800000000207e+03
9.059046299999999974e+03
9.011678400000000693e+03
8.964286000000000058e+03
8.916881199999999808e+03
8.869476500000000669e+03
8.822085300000000643e+03
8.774721499999999651e+03
8.727398100000000341e+03
8.680126599999999598e+03
8.632917999999999665e+03
8.585784700000000157e+03
8.538739499999999680e+03
8.491794099999999162e+03
8.444957000000000335e+03
8.398234700000000885e+03
8.351634799999999814e+03
8.305166699999999764e+03
8.258837999999999738e+03
8.212652599999999438e+03
8.166609000000000378e+03
8.120705100000000130e+03
8.074940800000000309e+03
8.029315999999999804e+03
7.983826600000000326e+03
7.938461199999999735e+03
7.893204399999999623e+03
7.848043399999999565e+03
7.802966699999999946e+03
7.757960699999999633e+03
7.713007899999999609e+03
7.668086699999999837e+03
7.623177899999999681e+03
7.578270999999999731e+03
7.533364999999999782e+03
7.488470400000000154e+03
7.443617299999999886e+03
7.398853199999999561e+03
7.354253200000000106e+03
7.309932700000000295e+03
7.266044299999999566e+03
7.222774599999999737e+03
7.180324400000000423e+03
7.138872400000000198e+03
7.098568400000000111e+03
7.059535899999999856e+03
7.021849799999999959e+03
6.985510100000000421e+03
6.950462999999999738e+03
6.916627300000000105e+03
6.883895700000000033e+03
6.852144100000000435e+03
6.821238999999999578e+03
6.791043999999999869e+03
6.761424899999999980e+03
6.732253600000000006e+03
6.703409200000000055e+03
6.674782000000000153e+03
6.646281399999999849e+03
6.617847999999999956e+03
6.589444300000000112e+03
6.561032000000000153e+03
6.532572400000000016e+03
6.504038499999999658e+03
6.475420600000000377e+03
6.446722099999999955e+03
6.417956400000000031e+03
6.389145900000000438e+03
6.360318000000000211e+03
6.331503300000000309e+03
6.302734199999999873e+03
6.274044399999999769e+03
6.245466800000000148e+03
6.217032500000000255e+03
6.188770499999999629e+03
6.160707400000000234e+03
6.132869999999999891e+03
6.105286699999999655e+03
6.077982600000000275e+03
6.050978600000000370e+03
6.024292999999999665e+03
5.997941700000000310e+03
5.971937600000000202e+03
5.946291900000000169e+03
5.921015400000000227e+03
5.896118199999999888e+03
5.871608100000000377e+03
5.847490499999999884e+03
5.823767700000000332e+03
5.800440599999999904e+03
5.777507499999999709e+03
5.719595800000000054e+03
5.664618400000000292e+03
5.612523000000000138e+03
5.563245499999999993e+03
5.516701000000000022e+03
5.472774000000000342e+03
5.431310599999999795e+03
5.392113000000000284e+03
5.354938600000000406e+03
5.319505799999999908e+03
5.285505100000000311e+03
5.252614400000000387e+03
5.220517899999999827e+03
5.188923899999999776e+03
5.157580899999999929e+03
5.126289300000000367e+03
5.094908199999999852e+03
5.063357399999999870e+03
5.031615099999999984e+03
4.999711299999999937e+03
4.967720000000000255e+03
4.935749300000000403e+03
4.903931199999999990e+03
4.872412400000000162e+03
4.841345099999999547e+03
4.810879799999999705e+03
4.781159099999999853e+03
4.752313100000000304e+03
4.724455899999999929e+03
4.697683699999999590e+03
4.672073599999999715e+03
4.647683399999999892e+03
4.624552599999999984e+03
4.602703099999999722e+03
4.582140800000000127e+03
4.562857500000000073e+03
4.544832699999999932e+03
4.528035600000000159e+03
4.512426900000000387e+03
4.497960600000000341e+03
4.484585600000000341e+03
4.472247299999999996e+03
4.460888899999999921e+03
4.450452599999999620e+03
4.440880100000000311e+03
4.432114099999999780e+03
4.424098500000000058e+03
4.416778699999999844e+03
4.410102700000000368e+03
4.404020499999999629e+03
4.398485099999999875e+03
4.393451900000000023e+03
4.388879299999999603e+03
4.384728299999999763e+03
4.380962700000000041e+03
4.377548700000000281e+03
4.374455500000000029e+03
4.371654199999999946e+03
4.369118599999999788e+03
4.366824300000000221e+03
4.364749399999999696e+03
4.362873300000000199e+03
4.361177700000000186e+03
4.359645499999999629e+03
4.358261499999999614e+03
4.357011499999999614e+03
4.355882800000000316e+03
4.354863900000000285e+03
4.353944199999999910e+03
4.353114099999999780e+03
4.352365200000000186e+03
4.351689400000000205e+03
4.351079800000000432e+03
4.350529900000000453e+03
4.350033900000000358e+03
4.349586599999999635e+03
4.349183200000000397e+03
4.348819400000000314e+03
4.348491399999999885e+03
4.3481956e+03
